-,-,-
69,-228,845
203,-392,737
218,-454,731
271,-463,714
279,-330,707
297,-256,703
334,-237,680
311,-291,602
268,-344,498
208,-389,412
188,-412,343
142,-465,307
267,-376,291
493,-76,389
220,84,534
339,277,604
490,227,666
514,198,656
483,218,665
445,299,673
433,388,685
377,541,757
346,653,836
315,715,891
271,840,961
275,824,1033
320,842,1129
393,854,1261
459,864,1392
509,830,1469
538,778,1517
524,714,1544
558,628,1580
575,544,1618
626,470,1692
666,372,1761
746,299,1827
836,171,1868
689,-10,1784
866,-140,1790
829,-182,1836
875,-279,1793
882,-314,1785
887,-403,1722
883,-504,1613
826,-724,1470
745,-678,1271
699,-743,1308
652,-771,1233
625,-777,1170
582,-758,1115
544,-765,1053
498,-781,975
465,-771,878
406,-627,796
378,-721,740
362,-677,658
378,-732,573
404,-769,440
358,-685,405
300,-433,398
318,-302,409


-,-,-
94,-272,798
146,-402,648
153,-570,604
214,-589,547
253,-501,518
289,-468,508
340,-445,504
356,-354,513
390,-289,507
436,-286,470
407,-207,431
305,-65,423
295,93,449
290,276,494
405,401,539
250,428,545
247,474,566
300,508,595
290,511,649
297,534,669
280,569,713
255,668,786
264,861,858
276,792,942
314,765,977
295,726,1029
276,735,1098
272,761,1190
302,751,1271
377,709,1381
413,660,1476
456,619,1573
516,553,1671
501,571,1668
540,511,1722
554,449,1746
559,389,1768
407,256,1805
717,112,1816
625,118,1918
850,108,1804
879,-72,1780
853,-145,1758
841,-222,1718
842,-253,1676
852,-305,1580
822,-411,1502
718,-460,1428
658,-513,1355
610,-528,1308
563,-570,1279
531,-529,1256
512,-519,1203
499,-538,1141
483,-563,1108
521,-616,1064
530,-638,992
493,-689,889
452,-737,771
413,-761,682
395,-730,621
411,-582,550
354,-435,559
345,-376,507
299,-278,450
270,-155,416
131,66,487
236,227,456


-,-,-
275,-549,784
264,-512,728
210,-546,691
202,-515,642
184,-485,608
136,-347,644
103,-200,648
132,-226,604
144,-287,545
130,-322,495
103,-300,488
82,-183,526
121,-155,518
122,-15,556
161,64,589
216,97,607
257,96,615
292,95,630
239,194,667
249,214,684
427,239,735
244,255,748
209,323,769
206,341,803
209,390,843
226,458,907
232,514,983
284,510,1037
322,474,1094
346,478,1188
397,451,1254
401,457,1327
428,454,1394
435,481,1464
453,472,1537
472,449,1619
484,436,1652
538,347,1640
561,290,1649
554,273,1675
585,194,1687
624,160,1695
463,117,1685
590,22,1649
550,-3,1624
494,-21,1581
517,-90,1578
570,-193,1534
582,-293,1507
583,-350,1516
580,-389,1532
637,-444,1494
630,-459,1496
618,-535,1430
584,-569,1363
542,-594,1325
491,-597,1267
446,-620,1205
416,-639,1158
372,-642,1113
335,-628,1084
340,-623,1022
344,-647,935
331,-649,850
327,-676,796
325,-668,726
328,-618,697
307,-489,691
259,-390,660
263,-294,635


-,-,-
26,-485,814
51,-496,689
150,-529,685
213,-386,714
234,-373,662
226,-366,626
213,-281,614
199,-234,593
193,-183,572
199,-107,589
236,-69,598
263,15,617
269,158,637
262,291,685
282,287,657
301,256,615
253,257,604
225,325,637
296,374,659
179,378,718
187,427,739
183,424,761
176,431,807
167,464,865
190,518,915
261,527,994
272,601,1116
264,649,1226
327,659,1301
414,600,1389
459,561,1476
473,507,1528
473,478,1554
448,482,1571
383,444,1611
456,478,1605
451,480,1733
486,421,1689
317,325,1713
475,228,1700
500,172,1731
546,92,1759
593,20,1786
672,-40,1823
692,-113,1789
701,-166,1707
656,-211,1661
599,-264,1577
543,-315,1489
510,-389,1427
488,-431,1392
487,-502,1362
494,-557,1322
516,-646,1284
529,-676,1236
504,-693,1178
461,-693,1080
435,-695,970
408,-660,924
385,-667,839
363,-620,799
315,-564,764
317,-529,672
308,-491,639
287,-415,501
276,-380,538


-,-,-
303,-428,809
309,-488,803
280,-589,716
319,-546,680
289,-514,630
308,-519,610
274,-341,605
246,-173,631
278,-253,602
301,-281,537
225,-224,515
121,-59,535
144,12,526
143,15,560
207,52,597
308,141,632
386,233,680
393,269,728
324,328,738
321,386,728
305,373,712
288,398,711
256,479,765
274,506,839
352,518,902
418,521,978
416,580,1059
423,574,1111
447,570,1146
450,557,1188
411,573,1228
405,565,1270
430,554,1321
451,504,1354
464,486,1419
484,477,1493
549,427,1525
591,374,1686
712,334,1742
808,219,1769
593,118,1755
746,86,1705
686,17,1649
613,-9,1593
578,-33,1567
551,-22,1577
575,-85,1583
665,-89,1570
705,-204,1553
709,-333,1501
717,-405,1445
696,-466,1407
641,-468,1338
585,-499,1250
524,-532,1187
473,-531,1153
432,-529,1108
402,-532,1066
397,-550,1009
386,-561,948
384,-581,916
401,-576,892
421,-583,858
416,-549,824
398,-518,761
373,-490,672
303,-377,624
265,-262,622
251,-147,610
224,-40,610
237,21,589


-,-,-
269,-723,585
244,-434,711
120,-401,719
82,-383,709
102,-467,623
97,-485,582
95,-485,566
132,-440,538
103,-331,539
103,-259,549
117,-267,534
137,-284,528
145,-199,568
222,-169,554
258,-154,575
264,-50,600
274,-29,614
278,67,635
255,157,682
293,171,692
301,168,686
315,198,711
325,202,707
335,251,729
335,345,807
326,366,864
350,381,904
299,393,943
323,387,971
372,413,1028
351,416,1088
414,504,1187
517,498,1293
551,503,1392
580,441,1429
567,373,1457
557,323,1448
527,303,1501
563,310,1580
539,293,1599
633,246,1624
678,214,1690
696,132,1714
735,76,1730
743,-41,1749
748,-100,1765
757,-168,1772
777,-240,1748
707,-266,1628
727,-342,1651
651,-387,1605
636,-407,1567
630,-421,1513
602,-497,1493
582,-543,1440
569,-592,1373
563,-649,1286
535,-694,1230
510,-752,1145
472,-796,1060
448,-836,982
424,-819,894
400,-870,800
384,-808,734
336,-733,620
337,-712,595
362,-639,546


-,-,-
271,-707,915
303,-398,805
313,-468,789
317,-485,756
304,-496,690
274,-442,610
200,-403,574
153,-352,537
107,-306,510
112,-282,539
173,-270,565
230,-244,569
263,-171,591
293,-108,619
326,-53,615
322,-4,621
283,70,630
265,126,643
294,175,660
322,191,665
346,225,680
366,239,705
348,314,764
372,359,813
390,405,894
400,475,936
406,520,978
404,533,995
372,539,1009
377,523,1036
406,480,1088
443,471,1179
463,500,1278
507,528,1365
562,507,1417
634,440,1460
669,338,1449
662,293,1406
596,237,1424
605,266,1515
644,298,1609
638,266,1662
678,163,1671
687,52,1648
676,-62,1638
661,-120,1626
642,-146,1618
647,-213,1628
652,-213,1629
665,-226,1629
673,-309,1592
657,-354,1540
641,-463,1480
614,-554,1409
588,-607,1352
535,-624,1311
478,-610,1285
459,-582,1249
455,-557,1221
445,-549,1164
425,-575,1082
359,-565,1058
345,-587,979
305,-533,960
287,-500,916
289,-514,861
306,-544,769
362,-524,687
340,-474,643
344,-416,599
355,-305,585
303,-242,563


-,-,-
79,-304,873
94,-146,904
85,-214,918
115,-268,913
156,-327,897
186,-361,878
197,-389,854
220,-440,792
229,-470,766
234,-428,763
240,-269,769
242,-157,755
241,-122,700
197,-106,631
185,-161,610
101,-50,574
94,57,586
95,124,623
162,169,617
225,203,643
274,218,644
293,266,673
305,319,691
287,406,720
254,537,802
263,650,849
272,675,875
275,642,891
271,599,915
236,561,960
266,538,1014
276,537,1075
302,549,1150
370,513,1250
390,527,1345
434,542,1431
416,540,1475
468,443,1494
620,377,1535
540,371,1594
591,338,1639
596,302,1672
605,205,1673
628,161,1677
636,93,1690
659,31,1707
689,-5,1707
702,-92,1671
680,-164,1650
686,-244,1639
705,-279,1641
724,-318,1608
711,-322,1575
708,-365,1546
722,-428,1508
684,-507,1426
642,-549,1353
600,-573,1292
585,-585,1241
561,-545,1196
528,-545,1136
516,-541,1070
501,-558,970
474,-575,910
426,-558,873
433,-522,793
391,-452,711
351,-344,697
339,-244,684
337,-175,649


-,-,-
186,-1063,765
177,-777,695
200,-728,647
200,-702,638
371,-674,661
278,-451,716
240,-153,842
247,11,865
314,-69,836
284,-86,808
208,-40,765
194,44,718
183,122,678
162,156,607
104,153,543
129,136,531
206,121,501
269,210,538
310,274,612
366,250,615
406,259,669
402,281,717
369,325,731
370,402,788
311,441,841
272,475,911
318,492,980
387,513,1062
384,518,1142
348,538,1234
406,546,1348
459,530,1439
502,536,1490
515,457,1517
554,463,1524
510,456,1584
499,393,1610
532,381,1651
608,321,1690
691,280,1718
864,210,1757
794,19,1770
813,62,1757
825,24,1757
822,-63,1696
794,-179,1606
677,-234,1542
653,-304,1482
628,-357,1434
616,-406,1405
622,-429,1388
601,-414,1354
600,-486,1298
568,-572,1235
549,-611,1178
515,-612,1139
513,-636,1100
488,-625,1054
474,-630,990
426,-649,925
373,-687,856
343,-733,777
318,-734,739
318,-744,697
350,-701,607
345,-603,617
322,-386,629
298,-250,633
288,-176,650
259,-91,651
227,8,603
168,160,614


-,-,-
393,-906,787
414,-747,731
302,-621,660
213,-418,690
169,-114,670
93,-190,639
96,-218,586
124,-196,581
125,-120,598
152,-93,589
193,-108,556
212,-68,551
231,2,545
234,33,535
221,86,569
236,174,595
250,192,597
233,250,652
251,305,732
303,314,799
358,324,834
330,352,855
323,386,890
256,485,953
256,526,1031
256,591,1095
262,629,1197
261,631,1257
270,599,1291
298,475,1298
338,386,1328
395,398,1471
455,500,1647
532,505,1722
568,468,1748
574,342,1731
564,274,1729
569,225,1730
541,250,1761
553,253,1788
585,133,1743
560,35,1693
544,-46,1652
524,-111,1636
561,-209,1614
592,-283,1598
618,-329,1580
634,-403,1549
646,-493,1471
502,-552,1407
578,-572,1337
521,-612,1278
455,-628,1234
436,-647,1190
443,-649,1140
451,-657,1080
451,-671,1023
450,-733,939
447,-766,845
416,-776,764
402,-775,700
375,-724,668
342,-555,643
275,-317,681
267,-162,673
223,-71,672
172,-61,562


-,-,-
142,-515,813
148,-442,818
103,-452,870
147,-358,883
190,-299,901
209,-255,873
251,-309,835
247,-392,739
216,-457,654
176,-435,566
166,-440,499
150,-445,446
149,-307,459
151,-116,536
142,114,615
189,115,601
146,116,574
89,178,610
195,235,648
350,256,673
97,311,705
237,357,776
212,404,859
276,493,919
297,485,925
278,448,930
254,425,960
258,438,1040
247,539,1122
277,605,1220
314,584,1265
329,561,1317
333,553,1401
386,457,1440
449,325,1469
488,315,1543
500,309,1632
555,295,1673
632,267,1720
599,249,1767
567,185,1732
677,135,1708
607,55,1701
589,38,1674
519,-34,1646
514,-51,1641
528,-114,1606
543,-183,1563
516,-249,1534
505,-317,1498
515,-373,1471
519,-407,1456
530,-469,1423
522,-508,1368
487,-555,1301
466,-570,1277
457,-559,1234
422,-520,1195
393,-516,1132
379,-543,1061
363,-581,981
340,-603,926
349,-643,829
334,-712,736
310,-661,661
280,-587,618
256,-566,542
221,-419,542
159,-238,549
158,-179,501
172,-124,461
132,-100,488


-,-,-
202,-611,788
68,-231,865
97,-275,838
171,-406,800
208,-386,757
180,-358,730
188,-388,669
197,-367,639
180,-312,626
170,-180,660
182,-132,642
199,-159,588
195,-122,574
180,-59,597
200,20,617
217,79,633
251,123,639
255,157,651
261,161,643
258,216,690
258,324,755
263,345,776
292,383,809
262,431,869
238,440,898
208,452,921
165,469,1033
276,466,1000
284,456,1049
323,459,1231
369,475,1213
378,511,1319
416,479,1374
432,465,1434
438,466,1473
469,424,1524
506,395,1559
582,333,1595
537,261,1740
647,214,1666
646,189,1705
642,209,1754
697,121,1701
699,32,1687
677,-44,1652
677,-98,1625
680,-129,1575
674,-217,1535
644,-300,1489
625,-383,1457
641,-438,1433
660,-488,1401
639,-493,1373
597,-485,1336
575,-502,1280
552,-524,1221
517,-530,1172
471,-537,1109
436,-542,1059
408,-547,1007
389,-558,939
382,-594,870
348,-600,808
336,-592,753
318,-552,739
292,-465,730
269,-370,711
232,-236,690
214,-145,657
213,-126,614
198,-107,582
166,-13,561
153,128,622
101,202,664


-,-,-
292,-336,827
299,-328,865
138,-215,950
118,-180,992
154,-224,962
124,-252,965
113,-330,948
169,-393,927
240,-484,929
321,-550,892
331,-557,796
302,-522,687
223,-437,649
169,-292,645
199,-303,621
197,-223,624
175,-143,672
226,-74,690
280,-12,701
297,69,730
302,169,725
249,195,700
244,233,703
326,286,724
434,329,722
213,331,751
279,315,774
302,366,805
287,445,874
284,486,930
283,524,956
286,522,979
282,495,974
266,447,999
243,445,1057
267,395,1096
322,411,1227
397,456,1314
427,467,1379
467,449,1422
492,438,1462
488,399,1505
486,337,1510
467,308,1520
479,291,1554
521,249,1607
649,170,1671
716,148,1710
549,95,1717
774,4,1676
732,1,1688
704,-36,1636
659,-108,1574
623,-193,1522
585,-257,1466
576,-342,1418
582,-420,1373
605,-456,1356
645,-509,1340
657,-564,1301
647,-593,1260
646,-636,1208
616,-641,1171
588,-662,1070
539,-676,995
516,-689,932
482,-720,831
437,-715,787
386,-701,738
368,-604,690
362,-528,639
337,-396,638
308,-314,619
338,-239,605
339,-140,617
271,-29,607
274,97,660


-,-,-
113,-217,900
108,-209,785
68,-397,740
95,-381,784
181,-389,779
186,-344,810
210,-327,834
243,-372,808
299,-442,776
339,-496,736
322,-454,703
274,-341,662
186,-237,626
103,-149,636
147,-131,601
161,-142,555
162,-85,556
182,-31,574
217,31,601
244,86,609
252,107,599
268,113,614
281,165,662
262,232,719
320,266,762
357,275,786
375,294,821
385,300,835
348,372,899
328,473,1009
349,505,1088
342,568,1168
352,558,1211
367,552,1276
380,520,1313
404,486,1361
462,461,1425
516,445,1500
559,383,1587
601,356,1626
609,371,1668
608,300,1663
608,248,1645
601,237,1662
600,221,1666
590,145,1647
558,92,1663
558,17,1645
602,-232,1606
646,-223,1589
690,-330,1570
698,-390,1550
684,-423,1489
646,-458,1410
595,-464,1362
536,-417,1322
521,-495,1243
503,-573,1154
457,-633,1106
444,-661,1079
470,-698,1048
482,-732,1022
482,-743,974
478,-773,907
450,-782,828
422,-735,737
353,-537,742
303,-531,695
320,-472,673
311,-355,701
290,-230,691
287,-182,645
272,-101,644


-,-,-
273,-457,741
394,-393,848
310,-489,795
291,-479,744
305,-544,699
285,-549,644
129,-434,631
217,-280,668
243,-223,630
262,-259,615
285,-284,573
277,-267,554
290,-217,549
254,-168,539
215,-133,516
204,-117,498
176,-43,539
168,75,576
185,151,607
220,221,623
221,253,632
237,264,654
244,266,694
290,303,738
286,362,797
260,410,861
336,509,917
203,533,938
186,571,986
190,519,1023
247,495,1106
334,499,1171
396,487,1254
429,472,1334
441,464,1390
456,443,1439
493,442,1501
528,417,1570
558,364,1652
477,304,1660
641,208,1651
675,159,1742
680,156,1766
724,81,1782
769,-59,1790
800,-75,1785
835,-109,1785
848,-156,1729
809,-217,1661
778,-335,1594
738,-423,1522
723,-521,1454
713,-582,1380
701,-664,1317
670,-691,1264
658,-685,1215
645,-684,1159
591,-688,1095
546,-716,1052
487,-704,990
465,-736,906
448,-738,840
456,-749,778
427,-723,708
396,-626,664
390,-566,610
339,-440,569
285,-280,570
264,-185,524
250,-162,495

