-,-,-
197,-506,902
233,-276,794
279,-333,767
248,-342,743
254,-369,709
269,-364,690
268,-351,687
245,-343,603
209,-387,517
136,-432,437
77,-419,405
88,-360,382
76,-247,401
74,-4,475
112,48,545
209,45,583
230,95,614
215,124,634
206,157,670
244,195,689
273,286,718
251,412,750
234,488,791
223,512,841
233,549,883
239,577,956
287,595,1035
326,590,1093
318,593,1244
360,553,1157
404,566,1214
436,550,1257
444,554,1293
423,554,1310
349,593,1354
309,605,1406
287,563,1408
338,482,1433
427,431,1474
575,373,1562
622,311,1589
639,253,1580
614,174,1567
568,107,1575
527,128,1606
543,98,1601
578,43,1621
631,-52,1626
605,-129,1626
691,-194,1598
687,-234,1606
687,-305,1583
675,-365,1554
680,-444,1502
710,-435,1466
683,-410,1440
645,-464,1380
590,-506,1311
536,-532,1258
506,-550,1224
499,-587,1189
479,-609,1124
460,-649,1080
467,-657,1041
436,-641,994
409,-680,908
377,-734,817
348,-755,731
333,-756,649
294,-732,604
276,-640,567
278,-518,537
242,-421,499
191,-206,503
127,-42,497


-,-,-
235,-539,878
265,-451,802
281,-413,856
293,-449,813
273,-474,757
242,-427,754
269,-406,727
293,-447,657
249,-452,605
228,-427,545
214,-374,510
187,-312,488
190,-249,477
194,-251,484
202,-224,486
179,-65,547
218,-32,536
210,74,566
218,92,541
223,86,542
239,161,566
273,215,607
312,283,667
314,328,701
284,376,711
231,419,737
197,502,768
164,518,791
159,574,859
146,690,918
191,735,982
246,711,1037
282,731,1096
264,760,1153
323,629,1178
342,564,1207
364,512,1253
409,510,1305
442,506,1353
490,434,1389
497,438,1421
472,448,1487
508,397,1529
543,413,1603
601,350,1606
591,255,1633
594,186,1643
651,108,1652
700,59,1682
751,-26,1694
756,-72,1705
762,-136,1680
764,-203,1652
771,-245,1627
769,-241,1614
767,-265,1563
752,-342,1499
718,-420,1421
688,-437,1365
659,-445,1330
645,-468,1303
618,-495,1267
587,-574,1200
562,-690,1130
539,-769,1046
504,-799,985
424,-576,959
373,-432,944
392,-502,867
391,-607,801
353,-674,718
313,-628,660
298,-594,539
230,-423,557
136,-111,567
114,76,568
96,122,533


-,-,-
162,-601,723
168,-382,637
302,-497,649
358,-546,623
355,-526,577
335,-437,530
262,-396,479
222,-393,421
167,-268,397
97,-62,456
125,-33,451
179,-44,447
134,5,495
184,94,539
268,187,584
397,269,634
191,372,721
261,349,697
244,398,708
174,459,745
147,528,767
107,632,840
115,677,904
102,686,948
126,651,947
164,572,942
203,487,953
223,488,1019
239,500,1079
205,534,1143
219,557,1249
289,552,1313
337,504,1359
373,467,1413
424,450,1469
459,423,1570
475,417,1645
528,422,1714
603,345,1716
602,235,1708
622,173,1729
416,108,1723
633,46,1735
653,32,1726
626,-25,1718
652,-129,1664
652,-205,1643
663,-244,1631
702,-281,1605
725,-393,1570
722,-475,1543
730,-516,1484
719,-552,1428
687,-547,1364
663,-581,1305
648,-625,1250
601,-600,1249
588,-588,1217
582,-656,1162
547,-684,1099
491,-697,1032
477,-734,1005
487,-780,976
503,-838,939
515,-878,862
493,-868,807
447,-798,722
377,-661,677
355,-554,643
347,-540,583
328,-511,536
229,-303,478
124,-7,492
40,131,502
27,198,477
-14,219,489


-,-,-
39,-521,641
5,-447,620
62,-482,602
130,-490,612
180,-505,605
232,-552,552
212,-579,518
225,-517,505
253,-405,519
271,-317,530
299,-245,547
311,-141,529
259,-93,480
222,-78,444
184,-6,454
200,95,488
247,177,536
255,302,597
262,400,630
242,425,642
244,423,652
247,424,664
243,439,705
238,456,752
223,568,798
202,688,885
255,684,939
284,653,976
256,620,1042
297,632,1087
317,671,1157
334,747,1230
373,727,1298
418,695,1362
458,652,1433
622,571,1481
528,536,1531
563,456,1553
589,383,1581
620,313,1634
654,279,1676
595,242,1703
578,214,1709
536,185,1750
562,58,1715
592,-5,1751
630,-116,1773
697,-206,1765
733,-313,1738
765,-406,1683
782,-420,1653
794,-450,1617
772,-494,1544
734,-559,1475
678,-586,1415
626,-599,1377
634,-627,1325
619,-659,1280
588,-712,1227
543,-734,1167
497,-771,1119
477,-805,1048
465,-845,977
439,-882,892
419,-893,813
386,-918,733
377,-929,640
363,-912,523
304,-838,453
302,-662,412
355,-495,334
157,-256,466
233,-196,441


-,-,-
39,-521,641
5,-447,620
62,-482,602
130,-490,612
180,-505,605
232,-552,552
212,-579,518
225,-517,505
253,-405,519
271,-317,530
299,-245,547
311,-141,529
259,-93,480
222,-78,444
184,-6,454
200,95,488
247,177,536
255,302,597
262,400,630
242,425,642
244,423,652
247,424,664
243,439,705
238,456,752
223,568,798
202,688,885
255,684,939
284,653,976
256,620,1042
297,632,1087
317,671,1157
334,747,1230
373,727,1298
418,695,1362
458,652,1433
622,571,1481
528,536,1531
563,456,1553
589,383,1581
620,313,1634
654,279,1676
595,242,1703
578,214,1709
536,185,1750
562,58,1715
592,-5,1751
630,-116,1773
697,-206,1765
733,-313,1738
765,-406,1683
782,-420,1653
794,-450,1617
772,-494,1544
734,-559,1475
678,-586,1415
626,-599,1377
634,-627,1325
619,-659,1280
588,-712,1227
543,-734,1167
497,-771,1119
477,-805,1048
465,-845,977
439,-882,892
419,-893,813
386,-918,733
377,-929,640
363,-912,523
304,-838,453
302,-662,412
355,-495,334
157,-256,466
233,-196,441


-,-,-
226,-495,833
225,-414,778
220,-437,776
366,-483,732
274,-529,645
216,-535,617
194,-475,606
173,-384,589
180,-374,550
164,-348,540
182,-307,528
184,-248,526
193,-172,500
179,-154,457
169,-112,458
155,-6,472
183,53,483
194,164,554
230,255,659
309,308,689
318,319,684
301,315,671
257,354,692
242,383,726
211,462,774
126,542,840
159,569,907
254,582,973
286,569,1010
246,573,1047
223,546,1087
234,556,1155
267,554,1235
311,559,1293
355,549,1367
382,531,1440
401,511,1530
415,488,1585
441,375,1593
451,294,1618
438,318,1656
481,250,1725
460,210,1713
533,179,1761
560,110,1790
545,60,1766
554,-16,1744
542,-149,1738
531,-244,1698
510,-306,1671
507,-391,1642
518,-423,1607
557,-489,1543
565,-522,1524
594,-540,1475
592,-589,1431
563,-645,1367
587,-691,1280
560,-713,1235
517,-727,1188
454,-782,1105
406,-794,1043
385,-804,972
366,-827,895
347,-867,832
341,-851,774
333,-798,723
344,-807,633
321,-767,588
317,-642,555
311,-422,577
320,-112,660
257,83,696
229,145,642
246,81,553


-,-,-
42,-418,563
64,-529,504
78,-529,510
158,-545,560
220,-483,575
279,-428,571
311,-409,564
309,-348,532
287,-280,522
256,-269,480
210,-193,465
177,-113,486
194,-35,501
209,7,506
213,110,552
232,184,572
247,241,598
240,257,617
270,244,638
286,283,662
267,372,714
253,420,763
270,454,803
293,438,826
298,418,836
245,450,845
202,522,891
178,584,952
193,640,1001
248,699,1090
333,715,1188
384,622,1197
371,537,1196
368,380,1193
402,331,1243
430,396,1358
447,450,1479
505,521,1541
501,528,1602
491,445,1613
480,368,1626
487,276,1602
466,182,1600
478,114,1613
515,38,1619
479,-47,1641
546,-145,1697
548,-194,1657
642,-167,1689
645,-145,1677
650,-162,1645
677,-262,1614
695,-338,1580
683,-398,1519
654,-451,1454
651,-543,1403
661,-654,1337
678,-728,1281
667,-744,1230
619,-727,1173
581,-695,1140
537,-658,1104
482,-645,1041
428,-663,971
404,-691,924
402,-712,866
375,-724,803
354,-739,746
329,-729,711
322,-689,658
281,-609,616
232,-330,647
217,-132,704
264,-57,710
257,-20,664
188,46,599
136,100,537


-,-,-
244,-633,545
357,-586,678
229,-520,673
219,-383,686
237,-306,687
249,-359,650
212,-352,603
180,-344,559
151,-326,550
165,-323,523
190,-270,534
203,-176,555
210,-83,564
235,0,599
254,91,628
235,149,626
203,192,641
197,259,655
211,290,691
247,318,759
270,338,807
289,370,826
273,413,842
267,389,833
195,411,812
93,471,872
277,537,883
66,568,987
161,527,1026
208,475,1045
259,421,1060
276,368,1083
281,396,1144
315,408,1233
365,411,1316
378,441,1369
417,393,1409
463,321,1458
514,285,1494
568,203,1524
561,196,1542
553,193,1554
500,212,1574
522,161,1538
371,101,1554
530,12,1525
539,-82,1558
603,-169,1597
654,-271,1600
652,-316,1613
655,-373,1576
642,-396,1547
585,-422,1499
542,-446,1490
552,-472,1465
577,-522,1430
605,-557,1403
605,-601,1361
594,-644,1332
590,-675,1307
579,-610,1302
574,-571,1262
550,-609,1182
451,-630,1121
416,-628,1062
379,-635,1011
356,-676,965
355,-725,922
359,-802,843
363,-852,761
366,-846,689
344,-795,643
306,-625,625
296,-474,577
269,-273,545
241,-308,472
185,-224,457
142,-141,502
167,-112,530
265,-115,509
244,-25,545


-,-,-
200,-727,430
246,-577,493
136,-509,541
183,-494,571
282,-486,540
315,-512,516
312,-454,542
346,-434,531
344,-416,547
284,-312,552
242,-259,526
215,-180,511
170,33,590
139,101,613
158,158,602
143,187,631
132,257,707
278,290,756
283,292,789
290,316,851
385,364,866
427,425,870
158,437,892
151,502,937
131,551,993
167,531,1005
201,490,1036
251,421,1070
278,408,1151
300,420,1266
330,409,1355
368,386,1423
386,356,1464
377,359,1489
380,348,1522
400,339,1539
431,261,1545
461,154,1546
451,105,1547
469,25,1560
534,-22,1557
332,-125,1554
554,-221,1537
511,-279,1566
498,-297,1629
543,-275,1713
615,-309,1753
723,-348,1705
720,-338,1703
713,-366,1624
680,-396,1564
634,-408,1527
628,-480,1448
609,-542,1359
584,-564,1322
600,-592,1282
619,-642,1252
611,-618,1217
576,-623,1133
508,-663,1068
436,-690,967
372,-684,908
348,-715,847
336,-762,790
303,-811,688
280,-813,603
264,-628,625
306,-654,602
325,-573,584
300,-447,569
304,-437,546
332,-406,545
332,-281,544


-,-,-
338,-553,858
433,-568,756
306,-522,797
277,-445,776
260,-484,713
235,-515,621
195,-478,580
203,-523,509
189,-487,485
170,-395,528
226,-309,517
247,-198,542
235,-137,559
242,-142,514
230,-121,498
218,-81,494
219,44,507
192,128,536
185,229,549
158,293,575
279,291,608
278,328,638
245,361,688
298,359,726
301,384,771
302,442,814
291,449,809
256,492,825
217,552,845
204,545,862
196,573,911
220,619,1024
286,657,1101
374,640,1163
393,643,1210
386,639,1246
436,615,1302
490,591,1355
513,563,1410
495,565,1484
545,550,1544
610,548,1614
718,510,1647
771,409,1692
861,140,1732
958,115,1640
807,-1,1654
906,-91,1628
834,-175,1533
755,-226,1515
735,-313,1515
733,-348,1497
871,-425,1461
767,-623,1447
778,-537,1449
785,-572,1454
779,-633,1433
764,-686,1385
716,-705,1333
663,-667,1308
659,-698,1263
654,-761,1212
622,-626,1199
613,-756,1166
612,-796,1120
581,-849,1054
558,-883,979
523,-899,889
462,-926,819
434,-921,747
421,-968,589
324,-671,565
236,-509,560
239,-285,575
185,-161,502
163,-102,429
131,-70,419
82,-66,423
58,-63,404


-,-,-
78,-296,796
152,-320,789
139,-411,763
218,-472,781
272,-447,754
312,-457,721
325,-480,663
288,-455,613
247,-445,526
169,-324,486
84,-181,466
71,-174,439
61,-172,415
67,-142,404
92,-87,398
109,-40,434
156,28,509
204,174,584
199,269,616
224,322,648
241,345,680
316,402,709
335,389,728
212,445,730
175,495,734
158,533,777
157,649,866
151,736,911
156,781,953
142,793,998
123,810,1066
151,748,1069
191,729,1092
198,712,1141
217,664,1179
229,631,1245
241,604,1317
289,619,1390
337,564,1422
397,530,1451
467,462,1466
503,420,1496
584,364,1510
572,357,1608
445,313,1666
674,250,1675
668,209,1701
650,138,1661
682,44,1651
731,-36,1644
766,-83,1648
797,-193,1618
788,-273,1575
759,-360,1525
720,-400,1500
718,-387,1487
730,-346,1486
754,-393,1427
723,-473,1370
664,-518,1315
500,-501,1278
599,-377,1255
604,-502,1218
596,-536,1178
549,-556,1132
511,-602,1056
450,-635,994
413,-626,956
410,-655,897
406,-666,846
388,-685,784
392,-716,673
393,-729,632
345,-653,593
288,-497,539
153,-180,549
48,242,615
107,267,629
175,217,627


-,-,-
204,-358,781
351,-576,644
258,-546,625
256,-546,549
207,-445,533
160,-275,520
137,-238,497
147,-319,464
160,-356,446
194,-361,452
251,-351,459
263,-250,475
246,-103,506
213,0,539
213,52,531
183,117,542
164,206,589
160,317,631
197,336,653
251,313,682
286,359,749
304,449,788
239,491,794
198,507,804
168,569,838
154,589,869
131,614,929
128,623,978
160,655,1032
214,627,1088
259,585,1165
322,553,1240
329,536,1276
351,487,1323
352,454,1398
382,463,1451
359,490,1504
366,507,1525
401,464,1566
451,386,1597
461,301,1637
519,200,1675
532,95,1708
572,46,1757
631,-25,1748
584,-109,1757
664,-194,1686
648,-213,1696
658,-296,1655
686,-343,1663
718,-368,1671
750,-364,1687
772,-431,1610
760,-521,1561
726,-568,1493
659,-600,1447
623,-620,1390
600,-633,1337
569,-620,1284
562,-672,1223
528,-728,1125
470,-806,1001
438,-827,928
402,-846,826
338,-851,753
281,-878,654
249,-928,558
229,-919,489
263,-790,512
293,-610,560
311,-406,561
284,-154,511
198,-200,441
213,-115,444
247,-27,495


-,-,-
284,-689,628
215,-399,681
54,-424,646
58,-476,598
76,-512,527
46,-475,472
25,-421,460
34,-415,421
54,-443,401
101,-463,403
170,-467,427
245,-356,501
263,-145,575
261,-55,610
271,-98,587
245,-37,611
230,46,682
216,153,727
282,221,766
327,223,762
332,213,787
303,348,866
304,416,895
266,461,908
274,532,953
269,581,1001
278,589,1040
294,534,1046
274,516,1068
274,522,1123
334,519,1167
372,516,1203
373,537,1263
395,540,1328
426,535,1366
443,544,1410
439,479,1419
447,405,1435
505,332,1477
475,237,1537
500,217,1583
461,240,1691
546,253,1774
534,252,1784
536,236,1781
544,225,1784
580,216,1785
612,169,1798
650,94,1777
687,28,1726
724,-105,1655
726,-217,1565
723,-283,1501
749,-334,1465
758,-433,1392
707,-507,1328
643,-532,1295
623,-580,1254
629,-586,1216
622,-603,1181
613,-640,1113
575,-688,1035
529,-732,985
486,-741,932
437,-728,842
387,-740,770
351,-699,726
354,-667,697
335,-651,644
298,-575,585
310,-607,474
237,-495,509
208,-257,514
266,-169,507
304,-158,502
274,-67,520
275,-20,513
262,95,503


-,-,-
117,-443,734
76,-472,579
39,-397,589
75,-417,596
154,-486,574
210,-582,553
259,-558,602
303,-413,636
331,-358,617
337,-353,569
333,-380,507
283,-355,470
228,-248,408
170,-235,384
151,-113,415
142,84,521
187,249,575
247,284,631
309,264,645
297,357,689
300,370,677
292,354,675
290,347,691
267,364,732
278,414,781
283,495,823
300,569,903
293,613,942
271,631,962
263,574,993
300,565,1021
298,523,1045
288,488,1090
287,511,1177
308,505,1251
378,528,1354
401,536,1437
436,518,1500
466,491,1552
559,387,1566
583,313,1612
608,253,1656
656,202,1706
690,158,1770
742,98,1773
732,53,1804
709,-71,1795
732,-169,1751
733,-252,1740
746,-326,1714
767,-406,1661
777,-428,1639
768,-461,1602
742,-501,1546
723,-564,1472
702,-589,1414
690,-626,1331
667,-685,1271
630,-726,1214
599,-742,1146
569,-758,1079
526,-768,1038
495,-783,962
454,-802,912
425,-840,871
395,-864,810
366,-863,758
324,-725,730
318,-662,669
295,-655,573
300,-663,524
256,-576,495
240,-444,502
256,-230,547
273,-150,487
258,-118,427


-,-,-
113,-362,616
205,-407,652
190,-398,713
223,-438,699
264,-506,633
254,-520,600
239,-454,574
236,-425,522
218,-447,431
181,-394,374
113,-297,332
89,-228,312
101,-167,356
118,-114,391
150,29,443
195,60,460
233,55,477
264,90,540
320,163,595
349,265,644
334,345,666
312,334,674
303,319,686
244,374,706
266,408,726
242,514,849
243,573,892
252,613,913
326,642,1001
341,715,1078
361,679,1146
417,635,1212
477,639,1268
500,616,1291
482,572,1282
444,560,1293
421,593,1305
390,610,1323
423,593,1360
459,584,1443
507,531,1486
547,399,1501
585,301,1539
620,279,1571
469,227,1588
633,149,1587
626,115,1623
643,27,1600
635,-94,1612
628,-125,1634
636,-142,1638
664,-251,1631
683,-311,1631
741,-397,1596
755,-460,1554
713,-468,1519
705,-488,1488
702,-525,1439
678,-544,1399
661,-567,1339
642,-611,1292
627,-610,1269
609,-610,1213
587,-636,1136
522,-649,1063
467,-658,1014
427,-682,949
394,-687,869
355,-697,787
348,-764,656
325,-784,591
249,-601,545
220,-425,524
236,-376,497


