-,-,-
181,237,835
243,147,680
165,187,676
154,274,613
186,285,533
229,339,491
263,363,458
291,385,428
304,415,427
326,441,430
347,421,427
345,391,433
326,391,439
297,397,460
274,399,502
233,420,528
163,456,607
135,460,698
130,401,765
140,262,837
124,225,955
118,158,1053
131,35,1142
143,-47,1256
249,-196,1376
337,-225,1460
343,-229,1537
367,-265,1575
377,-298,1741
433,-334,1648
455,-379,1654
437,-354,1666
473,-350,1624
513,-389,1598
526,-396,1555
511,-409,1485
443,-434,1418
396,-458,1353
370,-500,1249
358,-565,1174
379,-659,1079
416,-708,1009
437,-745,978
388,-754,964
525,-820,842
486,-879,722
462,-937,616
373,-795,590
372,-572,608
420,-112,682
364,389,933
393,585,1041
522,488,1006
533,449,943
474,548,963
418,708,1024


-,-,-
257,166,549
114,293,752
301,291,711
295,327,720
303,319,669
302,335,624
269,370,606
232,417,600
217,403,577
205,407,570
194,417,579
205,416,589
243,376,608
258,368,638
247,318,665
244,258,719
284,179,784
308,151,856
310,122,896
303,108,967
312,88,1057
349,6,1083
351,-90,1145
360,-168,1199
381,-198,1237
371,-227,1274
396,-275,1299
405,-305,1332
430,-366,1313
477,-416,1315
493,-416,1336
529,-446,1332
519,-488,1324
522,-484,1309
483,-469,1299
457,-395,1278
460,-384,1247
467,-346,1196
425,-364,1134
391,-388,1098
374,-356,1059
370,-371,993
361,-397,931
340,-451,873
318,-549,768
299,-630,694
284,-675,689
300,-704,646
316,-645,661
316,-456,694
324,-322,745
420,-270,744
473,-285,804
488,-232,795
556,-202,797
595,-33,856
598,193,961
608,348,1017
618,427,1033
661,513,1079
617,586,1118
592,658,1132


-,-,-
66,-30,734
-19,381,690
120,380,666
173,421,667
217,446,659
225,497,666
202,552,661
194,528,621
159,480,586
127,470,582
129,471,599
170,450,629
222,416,675
241,403,717
261,358,769
281,294,811
271,231,884
230,179,970
250,76,1016
254,38,1075
244,1,1134
274,-85,1179
272,-177,1211
289,-266,1241
301,-325,1261
338,-364,1293
384,-395,1330
411,-418,1375
433,-423,1387
492,-430,1382
510,-458,1372
515,-483,1362
494,-455,1353
478,-427,1324
472,-416,1285
460,-383,1261
456,-350,1224
437,-305,1184
425,-270,1148
400,-251,1078
370,-252,992
307,-242,907
241,-223,845
194,-213,779
189,-267,701
194,-337,635
170,-355,615
174,-396,577
230,-481,541
298,-643,468
373,-737,460
370,-755,535
487,-771,548
450,-576,605
426,-64,747
500,209,900
597,228,942
598,264,988
567,361,1043
598,472,1124
674,641,1232
727,743,1272
761,663,1241
750,657,1260
781,605,1251
808,605,1216


-,-,-
116,217,738
153,398,746
180,441,647
182,390,610
193,322,508
132,329,462
81,402,443
55,435,442
51,427,435
55,411,449
57,445,501
107,447,562
157,437,622
187,441,702
188,428,776
234,322,831
222,256,867
159,128,931
137,188,976
101,123,1026
159,3,1133
178,-89,1247
229,-159,1332
276,-262,1385
303,-320,1459
330,-358,1494
374,-392,1512
369,-401,1532
392,-476,1515
393,-465,1514
388,-443,1522
409,-439,1501
430,-459,1472
435,-451,1439
435,-394,1403
467,-395,1328
442,-345,1250
405,-323,1193
325,-261,1108
302,-264,1008
296,-303,896
260,-320,845
233,-340,749
231,-447,627
206,-459,588
205,-524,466
180,-577,426
156,-578,426
142,-497,473
228,-434,524
335,-415,573
410,-439,602
472,-412,635
485,-145,748
513,79,884
380,504,1021
497,616,1150
606,513,1239
630,486,1248


-,-,-
216,215,779
106,366,718
86,381,670
57,401,572
17,389,528
-53,457,536
-30,462,543
-9,461,556
23,446,579
67,402,599
160,346,654
241,289,726
277,256,798
267,203,846
299,129,896
307,91,948
282,54,1024
332,-14,1086
368,-122,1124
394,-208,1217
428,-263,1338
500,-306,1415
551,-349,1445
582,-375,1477
578,-397,1469
606,-386,1466
611,-412,1481
612,-439,1465
591,-469,1442
583,-483,1424
578,-480,1407
578,-465,1390
569,-447,1370
563,-415,1341
548,-381,1289
505,-363,1215
409,-297,1179
367,-269,1097
339,-254,1027
301,-243,950
278,-237,890
247,-240,799
213,-253,712
168,-268,630
119,-297,546
129,-373,491
159,-439,425
176,-472,379
208,-504,330
255,-573,292
325,-642,284
394,-718,307
362,-748,306
414,-682,381
579,-437,562
432,-165,702
480,-22,782
591,32,893
643,114,961
643,214,1059
615,345,1180
622,463,1260
650,536,1334
672,611,1401


-,-,-
172,337,800
175,401,748
131,395,692
84,398,604
44,413,569
22,480,556
36,502,535
73,500,541
125,492,535
148,462,529
140,448,517
133,430,550
160,436,578
137,437,586
87,378,632
78,339,730
101,293,825
142,241,919
236,134,1003
296,40,1131
330,-10,1220
321,-85,1248
320,-213,1264
329,-284,1327
352,-305,1390
387,-330,1450
428,-344,1486
474,-371,1498
510,-434,1483
531,-474,1457
528,-476,1454
539,-427,1456
559,-403,1430
549,-418,1346
463,-438,1270
410,-426,1223
387,-392,1168
367,-369,1116
362,-437,1045
322,-449,999
330,-480,922
334,-539,830
322,-566,766
329,-585,708
325,-603,670
333,-684,606
368,-757,574
399,-775,540
408,-759,535
453,-750,532
511,-739,530
394,-621,556
539,-269,683
696,-19,813
691,292,980
692,409,1070
713,345,1089
799,348,1097
795,411,1126
634,560,1156


-,-,-
136,252,255
-8,408,498
150,431,461
187,402,454
187,420,450
200,363,475
197,336,500
182,373,508
166,352,502
139,331,533
134,322,566
142,333,634
160,369,702
195,332,768
228,260,837
260,217,935
303,171,1006
363,122,1094
416,61,1177
405,46,1258
400,12,1301
413,-70,1329
440,-131,1361
470,-179,1379
497,-183,1402
544,-239,1401
549,-326,1394
564,-412,1388
573,-440,1371
573,-451,1331
521,-430,1314
488,-399,1279
467,-374,1234
389,-333,1206
352,-353,1187
361,-376,1131
341,-371,1081
326,-338,1059
355,-341,1019
358,-360,994
345,-350,940
330,-377,864
296,-419,791
248,-461,782
275,-490,746
307,-465,758
355,-477,775
451,-523,788
519,-551,784
521,-618,698
554,-725,660
521,-733,668
475,-728,656
583,-617,687
785,-583,691
996,-305,759
577,186,993
553,725,1151
623,950,1292
658,926,1332
687,719,1243
654,569,1169


-,-,-
123,0,756
206,76,704
197,261,651
189,355,618
167,414,569
111,520,550
119,520,485
163,420,469
184,362,438
174,350,430
186,364,447
212,381,471
214,430,500
188,384,506
187,300,528
211,198,583
216,151,680
253,83,749
307,56,878
378,2,959
404,-74,1056
418,-198,1136
387,-249,1233
406,-304,1309
501,-380,1406
602,-440,1495
670,-477,1559
744,-527,1571
766,-597,1556
734,-617,1544
716,-567,1562
741,-536,1557
794,-549,1517
822,-587,1464
793,-539,1426
759,-507,1346
694,-490,1260
595,-450,1177
531,-448,1020
482,-506,881
355,-517,739
283,-563,642
268,-636,532
269,-670,467
295,-724,412
244,-707,380
308,-608,419
611,-439,488
335,-447,478
404,-355,532
498,-79,649
535,244,867
521,560,1025
536,617,1053
509,615,1058
462,668,1113
472,667,1159
509,662,1170
495,697,1220


-,-,-
120,108,691
136,229,616
188,235,625
220,239,602
325,227,529
267,260,533
251,361,530
254,386,519
233,392,515
225,391,541
235,397,594
224,378,622
209,347,656
231,285,735
209,244,822
254,167,892
265,119,994
251,85,1057
231,18,1138
212,-13,1259
275,-105,1342
372,-286,1380
432,-378,1436
485,-389,1464
551,-488,1472
564,-516,1500
571,-535,1499
561,-518,1511
558,-456,1512
577,-447,1462
597,-469,1410
574,-466,1359
594,-513,1298
599,-538,1248
596,-529,1213
596,-507,1166
572,-475,1096
568,-467,1009
532,-458,957
484,-427,906
439,-431,826
391,-472,727
344,-437,684
290,-443,584
293,-554,508
270,-634,429
268,-696,385
284,-709,403
307,-598,462
357,-539,537
449,-549,585
498,-481,598
541,-405,657
515,-197,722
538,85,846
553,368,1001
565,467,1117
587,444,1126
675,359,1099
684,403,1136
600,488,1201
644,555,1259
613,672,1365
497,699,1240
578,583,1140
700,637,1091


-,-,-
294,-48,794
340,181,876
147,250,863
87,284,800
52,272,750
13,320,712
20,348,674
56,357,650
67,365,637
90,356,597
105,337,586
144,349,604
172,381,619
169,422,642
185,461,674
216,445,709
231,422,753
187,384,771
125,276,789
93,161,833
74,122,881
105,8,970
133,-61,1054
157,-126,1153
169,-174,1231
192,-233,1279
220,-287,1333
277,-362,1417
331,-442,1468
400,-448,1494
451,-445,1543
459,-434,1549
473,-466,1526
482,-452,1510
475,-449,1487
487,-482,1461
505,-492,1426
507,-467,1402
506,-458,1355
493,-461,1274
454,-477,1197
402,-469,1113
381,-459,1017
346,-448,941
329,-427,890
346,-461,802
364,-492,709
354,-517,631
335,-574,550
294,-615,488
276,-619,457
271,-626,445
315,-652,437
278,-565,461
276,-367,529
321,-176,629
409,-62,701
319,20,764
440,94,838
352,89,877
365,79,859
425,152,929
372,286,1008


-,-,-
180,206,784
144,396,741
116,329,676
138,332,629
153,352,596
162,386,563
146,427,567
145,427,558
160,414,565
180,387,583
226,391,613
243,413,648
243,395,686
236,368,702
201,277,721
204,207,793
213,175,862
232,146,960
261,105,1031
270,81,1085
289,13,1188
321,-84,1263
360,-147,1315
359,-183,1364
399,-236,1388
413,-286,1429
440,-332,1447
488,-389,1441
510,-425,1446
525,-422,1467
549,-412,1464
563,-380,1474
600,-375,1447
617,-387,1413
617,-374,1372
621,-372,1301
615,-380,1218
573,-353,1172
541,-368,1086
502,-376,1009
458,-375,931
429,-392,859
404,-392,772
390,-437,693
397,-475,610
390,-522,536
365,-572,517
346,-556,526
355,-540,537
361,-508,551
358,-303,630
409,-63,724
485,-73,730
519,-154,721
451,-153,737
404,-35,763
389,197,880
386,554,1031
382,692,1143
377,700,1159
426,622,1147
438,620,1174
230,630,1184
319,593,1163
444,649,1261


-,-,-
140,203,847
175,195,641
162,244,691
171,323,653
158,370,619
129,386,583
199,356,520
203,376,509
207,411,498
217,422,507
243,413,510
271,381,522
277,380,533
239,339,553
196,273,595
174,244,668
193,252,769
218,252,854
205,272,980
225,204,1044
215,102,1103
215,24,1189
226,-12,1281
246,-58,1352
316,-158,1374
361,-231,1423
417,-306,1478
458,-348,1514
491,-356,1544
465,-319,1542
472,-308,1511
491,-338,1472
516,-363,1452
513,-356,1439
500,-372,1401
484,-387,1350
488,-398,1285
468,-402,1225
463,-403,1163
438,-417,1084
423,-419,1030
420,-431,958
404,-425,898
371,-410,820
348,-354,734
323,-442,630
289,-517,560
301,-553,539
300,-550,558
256,-572,532
390,-631,531
309,-453,611
294,-242,693
283,41,794
330,298,939
357,335,1026
410,270,1011
439,300,1027
385,430,1137
349,514,1188
444,601,1226
362,609,1291
463,681,1338
526,572,1281
606,583,1344
665,541,1238


-,-,-
77,186,640
-8,248,709
124,337,654
122,325,620
101,345,580
39,411,531
21,457,511
56,455,507
109,451,505
136,421,500
175,366,497
206,349,504
190,343,510
183,331,569
201,301,641
190,294,691
179,247,747
188,160,831
225,127,927
253,81,1019
270,73,1113
307,8,1173
345,-117,1238
361,-199,1284
372,-258,1334
391,-304,1391
443,-375,1416
488,-397,1467
514,-410,1505
522,-399,1497
548,-453,1462
535,-508,1404
533,-552,1364
559,-596,1320
583,-619,1284
586,-630,1252
611,-641,1191
615,-654,1127
581,-654,1039
541,-641,898
570,-682,963
543,-680,873
501,-689,783
574,-780,691
518,-801,637
536,-746,583
451,-595,590
516,-426,641
605,-205,718
485,112,857
473,251,954
621,48,883
697,-63,812
661,8,786
501,385,916
380,795,1106


-,-,-
86,188,813
27,312,775
-40,330,655
-61,361,623
-46,406,587
35,402,572
91,390,565
141,370,563
171,358,550
214,323,530
221,303,511
197,322,511
174,377,531
162,408,552
111,388,603
162,344,654
173,305,674
173,292,748
170,266,809
165,223,880
186,154,995
238,37,1107
301,-12,1218
305,-61,1268
306,-114,1299
290,-201,1362
294,-366,1423
351,-283,1467
419,-310,1498
468,-331,1533
495,-345,1560
544,-370,1562
592,-397,1548
606,-431,1541
617,-415,1525
611,-405,1469
596,-405,1388
572,-409,1334
525,-390,1285
512,-375,1225
496,-389,1136
450,-410,1071
380,-359,1014
376,-403,919
416,-437,825
406,-502,737
388,-586,650
402,-711,544
359,-766,487
439,-855,414
392,-824,398
339,-697,428
437,-549,487
560,-33,678
463,277,905
452,506,964
548,512,1032
561,402,994
531,465,1024
405,498,1054
384,549,1073
476,625,1112


-,-,-
63,132,799
43,335,793
94,305,803
187,294,812
248,287,803
286,322,769
285,328,741
280,332,697
283,344,663
283,363,625
271,393,582
251,407,549
196,425,559
172,443,550
140,456,564
125,486,589
159,429,602
185,360,652
241,283,723
302,187,792
332,120,892
358,118,1001
387,113,1058
407,8,1097
397,-89,1146
374,-133,1191
346,-170,1220
349,-230,1241
379,-298,1259
405,-381,1295
476,-448,1336
542,-475,1376
606,-491,1422
666,-534,1420
713,-573,1406
720,-561,1394
697,-515,1343
645,-559,1233
606,-570,1182
585,-555,1131
574,-551,1102
528,-497,1099
515,-428,1084
544,-407,1054
561,-371,1034
551,-343,984
538,-445,855
400,-517,698
509,-720,592
470,-747,633
509,-685,631
525,-583,613
453,-516,582
418,-258,610
396,-84,635
460,-109,611
502,-39,637
542,159,733
507,286,832
359,435,910
399,714,1110
494,757,1212


