-,-,-
181,-559,524
418,-725,549
430,-703,528
330,-687,441
361,-828,461
410,-706,390
295,-611,339
148,-551,319
403,-653,459
586,-568,516
641,-579,619
677,-494,729
632,-379,817
556,-219,889
537,-143,985
542,-26,1103
564,64,1222
514,190,1283
444,266,1344
421,315,1425
406,389,1504
321,512,1590
280,582,1626
276,645,1646
274,709,1673
256,743,1669
237,781,1650
179,821,1589
162,770,1460
153,869,1362
156,731,1211
201,645,1165
247,596,1077
284,538,952
306,513,810
248,534,659
289,434,555
293,427,398
257,454,316
297,431,291
326,413,332
420,387,389
423,356,430
394,302,452
375,199,453
387,166,502
479,162,616
444,4,695
527,57,827
610,7,989
674,-39,1080


-,-,-
251,-414,439
383,-383,600
297,-395,633
282,-458,568
312,-546,550
334,-572,497
275,-661,426
538,-876,381
523,-837,309
511,-768,310
464,-682,273
420,-711,387
499,-551,435
522,-357,535
608,-188,736
691,-99,868
681,42,1016
649,217,1134
648,262,1233
633,369,1280
551,494,1311
454,573,1337
369,680,1379
338,835,1468
310,942,1530
384,984,1590
264,1002,1634
334,1034,1653
352,1057,1653
339,1051,1570
301,987,1426
237,963,1332
206,947,1182
205,872,1007
198,806,839
209,740,725
234,647,572
224,546,453
233,445,321
223,417,264
243,450,265
244,470,252
223,428,226
195,362,268
312,313,304
305,267,345
326,164,395
323,116,510
344,72,651
453,-61,772
583,-213,909
657,-325,1086
750,-310,1248


-,-,-
93,-426,546
138,-372,499
176,-611,356
278,-703,301
253,-600,271
224,-678,202
242,-691,200
299,-618,304
425,-548,374
472,-426,430
645,-387,662
686,-98,808
732,-14,964
784,-1,1031
776,106,1138
765,171,1215
675,215,1276
617,298,1271
562,356,1299
548,429,1350
516,461,1363
527,490,1443
489,647,1497
483,686,1509
498,687,1537
531,691,1546
542,671,1380
507,652,1434
462,566,1308
416,552,1216
345,572,1131
310,549,1070
313,525,1006
332,517,953
351,499,874
364,502,827
316,557,740
282,543,638
233,527,515
263,463,505
321,499,432
291,496,362
235,549,325
188,587,336
200,561,295
150,497,260
105,470,286
135,397,303
231,271,371
309,216,446
403,165,605
517,94,678
533,83,827
658,-44,1075
614,-94,1202


-,-,-
38,-391,575
42,-398,462
50,-380,396
84,-557,297
171,-754,226
266,-771,236
314,-608,235
424,-759,377
540,-630,500
651,-682,637
760,-627,839
836,-462,917
829,-292,1024
805,-174,1108
757,-114,1125
728,-71,1128
636,1,1187
600,177,1295
512,273,1358
431,356,1383
432,411,1430
466,497,1510
480,488,1537
497,508,1530
466,551,1503
372,654,1469
306,761,1473
284,840,1439
242,904,1373
212,816,1276
220,799,1191
217,774,1076
219,757,987
245,728,901
278,653,788
297,589,665
327,512,500
326,480,353
310,450,285
310,451,232
280,469,174
255,453,189
285,364,211
292,308,270
305,210,329
314,184,420
338,194,518
353,156,602
506,18,708
577,-70,870
623,-72,1122


-,-,-
170,-952,433
180,-477,502
215,-633,390
235,-821,372
253,-788,325
295,-895,373
378,-855,484
527,-723,578
565,-596,699
655,-506,882
742,-319,1008
759,-166,1085
766,-38,1186
719,175,1263
692,237,1332
606,299,1357
521,434,1399
480,568,1452
436,644,1511
424,687,1525
398,671,1491
341,638,1410
239,688,1356
192,687,1276
139,724,1255
218,859,1280
91,909,1238
134,897,1193
153,889,1104
138,906,1037
139,865,945
169,782,816
167,718,690
150,694,576
107,711,464
152,635,415
140,627,338
183,468,256
208,304,236
224,206,264
279,96,318
294,81,405
340,99,503
382,60,567
508,-55,694
501,-170,866
496,-157,1045


-,-,-
53,-458,538
70,-484,455
14,-500,452
91,-546,403
168,-556,378
286,-797,425
375,-862,469
465,-759,589
590,-697,718
675,-570,848
687,-438,923
688,-367,992
695,-235,1074
690,-139,1121
659,-2,1165
617,176,1259
591,276,1311
556,289,1336
538,362,1400
537,407,1464
408,657,1445
357,630,1471
377,642,1467
301,760,1446
233,807,1384
218,821,1373
427,854,1344
212,791,1245
212,809,1190
218,791,1122
197,770,1013
153,712,888
139,657,808
146,640,712
153,602,596
190,597,565
237,579,509
270,562,447
274,476,382
291,381,324
290,326,288
266,306,293
244,310,361
243,342,415
275,333,486
331,272,567
371,223,635
410,152,751
467,64,918


-,-,-
-58,-175,649
145,-347,660
270,-558,549
330,-667,468
362,-718,433
382,-713,397
382,-719,379
395,-760,391
446,-796,386
541,-839,448
665,-708,630
812,-558,777
848,-276,976
880,-56,1120
865,70,1203
873,101,1244
853,178,1292
782,266,1351
703,422,1355
546,478,1360
453,601,1375
390,711,1415
348,777,1456
330,810,1458
277,819,1443
232,836,1415
387,839,1353
149,805,1301
183,787,1230
165,781,1179
144,795,1124
138,800,1067
139,770,998
130,762,916
126,737,865
105,748,785
152,696,701
180,662,636
216,650,590
228,600,533
284,543,440
204,526,377
246,462,407
295,394,349
275,327,340
242,310,496
272,271,413
313,244,459
314,202,505
331,92,551
421,-97,625
520,-212,788
655,-227,1009
829,-239,1170


-,-,-
153,-589,414
245,-398,509
40,-312,581
62,-197,585
180,-355,543
242,-526,471
235,-609,441
309,-723,369
367,-840,343
406,-804,335
437,-786,379
556,-743,495
699,-545,650
799,-334,762
880,-278,882
922,-246,968
899,-92,1076
848,32,1139
795,187,1206
632,313,1264
678,496,1298
625,520,1374
572,720,1440
545,796,1459
501,875,1456
468,904,1437
442,880,1393
406,872,1347
253,902,1297
274,892,1212
252,825,1081
292,768,989
158,674,886
181,645,764
237,654,717
275,604,693
309,598,649
315,547,624
329,581,581
298,482,491
273,388,447
254,333,424
258,287,410
307,220,433
334,200,483
384,140,545
437,23,610
492,-32,723
585,-111,861
685,-216,943
818,-284,1055
821,-265,1149
409,-354,1240
871,-285,1245
885,-278,1336


-,-,-
155,-388,870
49,-95,935
271,-207,878
361,-235,864
314,-228,817
300,-272,777
285,-325,724
230,-325,732
271,-342,740
359,-403,767
427,-470,748
503,-529,727
565,-547,713
630,-590,659
650,-619,647
643,-541,692
627,-452,725
628,-370,748
586,-68,853
528,106,903
531,125,990
579,178,1049
551,263,1104
492,346,1151
477,477,1209
473,583,1300
366,673,1304
301,783,1322
296,843,1356
288,879,1347
283,867,1319
306,802,1252
295,752,1181
291,736,1144
303,733,1079
287,744,1031
299,701,943
313,658,848
324,630,784
352,583,721
350,544,631
354,509,552
335,476,457
314,413,375
326,317,338
325,306,344
306,274,378
316,307,431
346,252,445
330,221,474
295,181,496
319,118,576
396,83,680
493,53,754
588,50,915
655,22,1053
788,-5,1204
938,-18,1296
974,-128,1271
1040,-219,1330
1165,-156,1464


-,-,-
224,-338,775
355,-621,615
246,-639,500
265,-752,353
292,-812,268
298,-862,220
272,-899,178
267,-862,214
303,-716,307
391,-564,449
419,-389,572
944,-128,811
558,-57,1008
734,78,1174
842,173,1281
843,244,1346
724,386,1408
640,526,1447
549,647,1528
481,807,1543
418,861,1551
372,889,1548
337,887,1526
289,936,1514
239,954,1463
196,880,1343
177,837,1250
189,771,1133
201,667,1012
207,568,885
243,525,775
269,505,674
280,471,592
302,355,452
305,220,342
326,166,310
365,136,286
408,179,313
451,255,367
441,234,440
459,177,485
416,120,540
409,55,618
416,34,715
410,-11,827
414,-21,942
458,0,1043
510,81,1217
576,92,1359
667,48,1432


-,-,-
127,-600,722
229,-650,404
161,-632,304
148,-847,349
276,-796,295
284,-620,387
460,-543,477
628,-509,562
758,-404,738
874,-365,871
937,-305,982
950,-184,1098
901,-17,1180
905,73,1242
876,202,1295
764,372,1343
715,445,1350
616,508,1390
528,648,1437
500,733,1457
452,773,1456
415,789,1450
392,787,1413
349,814,1373
292,821,1324
275,833,1281
430,763,1169
127,756,1049
133,765,966
142,750,871
129,745,794
101,714,690
115,653,585
97,656,528
99,544,425
140,466,278
200,362,310
230,362,297
223,348,277
260,309,292
315,295,311
345,255,341
389,222,385
442,211,467
547,182,617
670,88,713
735,34,820
794,26,951
900,1,1039
1037,-56,1109
1156,-135,1183
1200,-137,1294


-,-,-
298,-984,84
271,-896,447
341,-772,502
469,-561,594
645,-586,642
786,-569,717
797,-472,800
822,-481,844
903,-435,914
907,-272,1015
950,-148,1091
894,-20,1189
842,189,1261
727,313,1307
654,439,1321
615,522,1336
546,587,1338
456,713,1352
378,767,1335
361,751,1271
365,787,1232
269,823,1213
267,818,1136
194,845,1092
171,816,980
149,734,899
130,732,840
137,724,779
143,715,725
125,674,655
132,615,581
138,535,489
156,451,432
189,397,385
225,306,349
182,334,352
203,356,382
238,365,409
247,349,498
271,374,549
323,320,589
384,218,603
443,149,673
532,71,873
666,61,921
778,52,1018
827,-27,1095


-,-,-
201,-258,742
197,-137,752
151,-228,796
262,-255,740
362,-523,593
414,-664,526
428,-745,467
404,-817,365
360,-708,377
564,-909,278
404,-698,494
437,-563,446
553,-456,566
591,-322,670
616,-169,839
626,39,943
609,174,1039
623,307,1200
595,361,1253
560,435,1272
526,546,1338
478,647,1380
440,690,1401
394,735,1436
360,830,1474
343,866,1492
342,829,1461
315,832,1434
284,832,1407
273,817,1366
281,813,1328
272,822,1276
237,836,1199
244,793,1129
263,777,1050
269,729,930
275,675,816
301,604,731
305,571,637
323,512,542
321,432,457
329,405,402
330,372,363
296,337,322
303,306,322
338,258,323
342,186,342
323,94,372
268,38,386
255,7,445
299,8,534
348,47,645
447,1,794
551,-65,952
636,-76,1123
740,-103,1345
890,-171,1337
924,-174,1464
983,-143,1464


-,-,-
113,-398,849
225,-569,593
362,-715,552
416,-831,526
395,-744,488
377,-719,461
405,-720,454
454,-722,438
493,-617,475
581,-566,518
608,-374,636
662,-238,790
731,-217,857
767,-226,922
753,-159,958
670,-70,1032
600,74,1078
513,161,1148
589,292,1224
525,467,1324
419,564,1384
457,673,1444
319,710,1487
350,746,1487
348,739,1469
319,749,1443
302,721,1414
287,719,1372
254,720,1320
216,744,1273
169,760,1211
150,735,1139
166,744,1088
197,761,1037
223,724,933
233,669,850
251,590,718
226,543,629
240,494,478
217,411,405
182,365,340
174,363,317
168,325,284
173,277,267
170,236,283
205,199,334
241,170,428
320,135,527
357,133,595
381,136,709
409,100,796
455,53,859
489,19,949
556,6,1028
783,-59,1126
787,-55,1307
711,-79,1313


-,-,-
173,-305,732
267,-80,732
154,-149,651
195,-371,501
255,-595,397
260,-681,370
442,-703,432
422,-491,590
563,-448,660
679,-474,740
725,-412,809
711,-284,888
686,-143,997
669,-16,1043
608,-1,1041
525,13,1042
447,129,1116
431,194,1154
393,277,1199
364,389,1269
352,426,1296
330,484,1321
308,458,1326
275,511,1338
236,621,1379
216,690,1423
219,707,1420
217,720,1396
224,720,1368
246,683,1310
253,649,1220
227,664,1160
262,592,1064
287,499,932
284,503,832
279,529,745
287,490,642
240,444,493
237,421,439
269,438,416
283,463,414
308,458,399
270,467,376
296,422,358
264,420,367
254,363,384
288,272,419
316,234,488
338,250,604
393,220,682
463,190,839
578,53,917
592,-18,1018
682,-83,1128
809,-126,1235
847,-187,1295
693,-261,1380
1013,-279,1416
