-,-,-
-22,361,1431
-334,-140,866
-248,-119,871
-264,-55,836
-223,-53,808
-208,-101,816
-226,-150,771
-217,-162,711
-265,-177,610
-296,-195,527
-363,-232,451
-454,-271,382
-564,-287,350
-650,-273,359
-642,-260,435
-561,-275,515
-461,-306,561
-371,-322,575
-357,-320,551
-391,-294,544
-470,-253,543
-401,-181,592
-192,-164,755
-53,-234,935
13,-264,1055
53,-255,1135
63,-241,1213
86,-217,1281
167,-197,1364
285,-161,1462
311,-162,1534
499,-157,1626
536,-146,1685
587,-137,1724
614,-106,1733
637,-82,1741
657,-72,1744
676,-58,1740
778,-94,1747
741,-59,1689
804,-101,1670
784,-102,1642
759,-62,1566
743,-64,1516
680,-81,1468
654,-85,1404
629,-89,1348
608,-98,1322
597,-128,1298
593,-142,1247
587,-141,1201
569,-151,1156
555,-171,1130
531,-178,1080
519,-162,1049
508,-162,1028
491,-162,1020
465,-163,1021
440,-159,1016
405,-159,1013
379,-158,1013
345,-166,1000
315,-147,1012
298,-169,1027
262,-181,1023
195,-176,998
127,-161,980
46,-204,980
-40,-247,977
-166,-274,965
-317,-331,936
-492,-389,878
-670,-442,803
-820,-455,741
-914,-470,713


-,-,-
-53,182,1243
-150,-166,805
-26,-139,873
-68,-159,820
-128,-181,764
-168,-176,721
-213,-216,667
-260,-202,589
-290,-201,537
-340,-260,514
-385,-346,527
-449,-397,501
-526,-410,473
-574,-386,428
-583,-351,405
-579,-348,407
-547,-349,387
-490,-335,381
-498,-342,370
-542,-307,357
-524,-256,430
-397,-281,557
-220,-288,784
-80,-340,952
-26,-335,1040
20,-310,1085
41,-233,1129
70,-169,1191
131,-134,1276
198,-127,1366
270,-127,1441
346,-136,1546
421,-142,1645
396,-149,1698
433,-170,1719
490,-172,1777
467,-159,1726
437,-115,1681
580,-113,1670
479,-69,1600
607,-108,1624
589,-175,1655
543,-162,1670
530,-192,1656
531,-212,1614
528,-168,1540
494,-183,1478
450,-179,1449
475,-202,1427
515,-204,1378
545,-192,1321
544,-198,1284
545,-200,1241
545,-203,1208
532,-207,1166
525,-198,1115
521,-179,1081
515,-176,1071
508,-177,1087
510,-188,1092
492,-183,1064
470,-162,1041
449,-175,1018
418,-174,995
387,-168,982
337,-187,996
287,-219,1017
223,-250,1037
172,-259,1025
142,-230,982
106,-220,946
49,-232,919
-45,-242,908
-112,-257,894
-189,-263,868
-261,-269,853
-346,-291,846
-431,-306,864
-469,-345,883
-535,-377,876
-594,-378,871
-673,-434,869
-713,-452,847


-,-,-
-324,-354,739
-346,-309,594
-361,-312,437
-359,-305,350
-393,-251,275
-471,-229,209
-554,-263,224
-604,-305,293
-594,-314,412
-513,-354,519
-385,-414,652
-320,-481,734
-280,-505,780
-316,-506,783
-345,-499,795
-380,-431,772
-345,-316,837
-219,-297,985
-48,-322,1090
59,-364,1212
105,-355,1280
88,-358,1314
55,-290,1324
98,-217,1335
188,-207,1402
272,-195,1502
387,-193,1569
471,-196,1626
511,-180,1682
621,-154,1721
613,-141,1689
730,-76,1681
755,-97,1684
706,-139,1696
696,-124,1697
745,-133,1710
784,-161,1705
778,-162,1656
744,-150,1578
700,-152,1504
652,-146,1448
638,-152,1384
651,-173,1338
663,-199,1299
654,-218,1258
648,-229,1223
641,-229,1170
631,-232,1118
606,-226,1081
584,-215,1053
562,-219,1013
531,-223,981
490,-231,963
449,-222,941
404,-222,920
367,-211,888
347,-198,873
321,-202,859
277,-202,863
246,-194,880
239,-205,902
213,-217,905
159,-217,908
98,-222,925
23,-240,934
-45,-263,931
-171,-284,927
-323,-338,926
-477,-399,908
-595,-431,884
-657,-459,868


-,-,-
-13,14,1108
-238,-39,624
-221,29,812
-242,-48,788
-217,-95,787
-189,-128,766
-217,-153,707
-282,-134,607
-353,-137,508
-414,-156,446
-447,-187,414
-463,-239,369
-514,-309,333
-555,-361,311
-630,-352,305
-655,-335,317
-599,-341,390
-567,-345,447
-465,-364,537
-358,-411,589
-335,-402,619
-338,-346,627
-326,-273,679
-237,-244,781
-87,-247,867
38,-270,961
84,-277,1027
91,-264,1086
117,-223,1147
219,-190,1243
329,-198,1372
413,-225,1521
494,-248,1650
568,-261,1681
610,-232,1686
617,-177,1666
650,-154,1674
690,-146,1681
736,-169,1756
780,-156,1716
860,-225,1728
810,-268,1737
740,-255,1697
710,-271,1619
678,-308,1570
611,-333,1556
594,-374,1528
610,-368,1466
643,-355,1370
639,-345,1292
617,-342,1232
583,-353,1208
557,-364,1166
524,-372,1117
486,-351,1078
473,-334,1049
467,-317,1012
436,-305,963
388,-284,923
365,-257,899
355,-263,897
334,-266,915
298,-274,917
236,-266,894
194,-237,886
165,-233,879
114,-233,876
60,-220,876
-4,-213,864
-76,-200,860
-149,-196,854
-215,-207,839
-313,-216,833
-418,-243,839
-512,-271,832
-599,-301,829
-645,-329,842
-675,-363,864
-695,-426,861


-,-,-
-98,116,984
-206,-93,746
-79,-28,759
-161,-66,709
-193,-136,677
-233,-169,629
-312,-194,590
-395,-251,560
-465,-270,536
-484,-271,482
-496,-259,442
-514,-286,419
-539,-290,408
-542,-262,441
-526,-298,521
-480,-333,581
-431,-300,589
-374,-245,581
-370,-248,610
-359,-229,674
-314,-200,734
-227,-213,822
-147,-208,888
-82,-191,973
-28,-168,1056
68,-167,1128
154,-123,1194
189,-114,1249
190,-98,1298
196,-100,1342
244,-97,1400
313,-106,1463
368,-101,1536
478,-159,1617
499,-152,1665
501,-176,1676
483,-171,1659
472,-123,1600
474,-100,1581
514,-95,1571
610,-99,1585
552,-98,1563
635,-121,1573
637,-147,1559
558,-146,1555
533,-155,1514
531,-142,1446
525,-133,1399
512,-157,1380
518,-182,1357
519,-189,1318
510,-198,1277
526,-204,1243
543,-215,1214
533,-217,1177
531,-207,1135
536,-205,1096
527,-196,1058
508,-163,1035
497,-149,1009
487,-139,993
467,-131,977
428,-138,966
381,-139,945
365,-139,944
357,-160,946
313,-167,940
247,-172,934
182,-182,919
128,-192,893
51,-205,859
-51,-226,850
-161,-262,841
-277,-287,826
-373,-298,809
-452,-278,840
-467,-307,882


-,-,-
-94,147,1251
-222,26,668
-95,-13,773
-139,-90,793
-238,-179,776
-302,-191,702
-334,-168,659
-373,-184,637
-418,-187,623
-445,-201,620
-483,-237,632
-508,-294,643
-514,-344,628
-508,-367,580
-511,-380,534
-572,-401,508
-649,-373,467
-674,-341,436
-650,-325,464
-571,-330,506
-466,-315,519
-392,-286,589
-350,-264,694
-255,-245,807
-129,-208,894
-16,-180,1006
63,-183,1107
112,-145,1214
235,-109,1355
384,-83,1463
531,-63,1588
583,-57,1665
651,-32,1718
706,-36,1726
712,-28,1731
706,-34,1708
694,-13,1709
736,-18,1711
788,-29,1719
884,-79,1728
770,-70,1657
843,-109,1601
795,-134,1560
747,-111,1470
736,-124,1390
726,-122,1325
716,-150,1277
715,-187,1256
700,-206,1239
699,-220,1199
712,-206,1152
710,-192,1105
694,-163,1045
677,-143,999
676,-129,971
668,-123,955
652,-118,951
622,-130,960
624,-115,988
649,-121,1009
642,-123,1004
576,-130,987
501,-145,970
451,-157,955
381,-179,948
270,-213,957
142,-235,987
65,-268,994
-62,-296,988
-217,-325,980
-368,-366,976


-,-,-
-50,411,1282
-133,-27,888
-108,-56,1011
-59,-80,974
-38,-91,902
-78,-133,881
-122,-189,813
-166,-185,734
-271,-212,661
-352,-223,591
-342,-242,508
-356,-281,465
-517,-348,447
-590,-375,424
-793,-573,392
-859,-353,305
-824,-274,312
-689,-284,283
-522,-267,305
-399,-303,348
-333,-344,417
-430,-388,609
-499,-378,565
-393,-328,670
-247,-332,793
-132,-301,923
-56,-283,999
16,-250,1116
98,-209,1216
228,-183,1339
337,-183,1431
378,-193,1551
451,-175,1654
479,-152,1721
582,-189,1774
593,-150,1803
636,-186,1851
644,-178,1847
652,-169,1836
668,-166,1796
810,-132,1722
638,-84,1691
742,-125,1631
764,-176,1587
663,-146,1548
637,-143,1504
663,-154,1442
648,-149,1387
612,-147,1341
632,-157,1302
662,-197,1284
666,-211,1248
661,-192,1179
670,-167,1109
668,-154,1038
658,-153,973
627,-151,950
633,-155,950
651,-164,960
665,-141,949
656,-104,915
626,-84,894
591,-73,886
555,-67,883
544,-66,892
519,-74,925
497,-92,984
478,-128,1052
415,-183,1084
327,-209,1084
210,-223,1066
90,-252,1052
-16,-280,1020
-104,-322,1003
-231,-370,1019
-377,-448,1028
-553,-531,1035
-753,-601,1002
-904,-654,919


-,-,-
-153,-61,1081
-286,-201,725
-215,-204,800
-197,-220,746
-226,-245,688
-268,-268,632
-356,-293,553
-434,-297,474
-508,-283,372
-558,-301,310
-624,-353,296
-688,-415,312
-742,-436,351
-728,-429,400
-681,-395,485
-558,-371,569
-463,-394,604
-390,-368,608
-370,-318,602
-376,-266,651
-339,-262,717
-239,-286,852
-127,-273,1002
-58,-250,1121
80,-227,1221
189,-165,1279
278,-120,1338
329,-102,1419
372,-76,1503
453,-84,1558
496,-93,1599
497,-77,1616
501,-58,1607
530,-43,1624
523,-61,1625
633,-83,1673
520,-76,1672
627,-62,1667
733,-109,1651
672,-111,1597
543,-87,1536
507,-101,1485
517,-109,1451
531,-108,1456
556,-144,1463
567,-172,1444
563,-175,1393
542,-175,1342
557,-172,1299
550,-199,1272
544,-211,1248
554,-215,1218
573,-218,1199
579,-222,1162
578,-194,1121
566,-189,1096
555,-179,1092
558,-167,1062
526,-150,1028
491,-131,1001
467,-134,1005
453,-138,1006
432,-158,988
402,-154,973
345,-169,975
286,-203,980
237,-223,975
191,-236,948
113,-233,923
25,-246,891
-82,-263,876
-176,-271,864
-229,-280,833
-311,-286,798
-428,-298,781
-575,-341,773
-695,-411,761
-838,-446,739


-,-,-
-19,181,881
-112,129,967
-85,18,934
-67,-4,946
-92,-20,895
-142,-32,865
-172,-70,849
-183,-86,835
-197,-107,796
-220,-96,754
-238,-98,703
-284,-90,630
-324,-89,579
-328,-108,559
-333,-139,543
-336,-162,529
-363,-194,479
-391,-223,396
-413,-231,319
-483,-237,252
-601,-226,216
-649,-210,242
-590,-226,316
-463,-267,433
-306,-298,511
-218,-298,565
-208,-243,601
-159,-191,676
-74,-199,768
28,-214,916
75,-240,998
85,-245,1098
127,-230,1219
195,-225,1296
248,-161,1408
332,-141,1538
446,-138,1692
560,-140,1746
593,-114,1758
579,-104,1749
559,-80,1736
566,-61,1707
588,-44,1711
623,-81,1752
669,-111,1785
730,-112,1786
773,-133,1762
772,-145,1717
759,-150,1649
761,-139,1582
738,-143,1509
716,-144,1449
695,-153,1380
681,-157,1328
693,-161,1284
729,-154,1234
716,-144,1158
701,-130,1125
699,-133,1116
671,-129,1065
610,-88,1018
582,-59,1003
593,-50,1015
601,-40,1011
589,-35,1007
551,-47,987
517,-59,965
450,-84,955
381,-104,951
275,-171,927
156,-194,909
74,-234,892
-36,-254,864
-155,-274,837
-285,-317,806
-406,-386,799
-578,-450,800
-757,-532,808


-,-,-
-393,-175,614
-489,-276,515
-457,-98,410
-422,-84,551
-403,-132,616
-356,-85,645
-329,-75,667
-292,-94,743
-315,-205,766
-353,-281,735
-463,-342,636
-586,-348,513
-775,-319,424
-798,-276,440
-671,-264,585
-507,-276,759
-286,-266,873
-203,-238,892
-235,-200,896
-283,-154,941
-232,-149,1055
-72,-155,1241
101,-169,1396
176,-189,1540
225,-187,1639
335,-157,1680
298,-62,1642
443,-44,1628
467,-24,1650
500,-29,1709
570,-44,1763
606,-53,1775
631,-43,1755
644,-29,1694
641,-20,1618
609,-21,1567
566,-37,1514
555,-59,1494
564,-90,1472
577,-109,1455
587,-131,1430
583,-145,1387
567,-162,1345
545,-154,1290
517,-138,1245
507,-117,1193
522,-97,1166
534,-98,1150
521,-103,1148
494,-109,1149
456,-114,1128
419,-111,1091
346,-112,1061
286,-124,1057
221,-164,1056
121,-194,1037
59,-201,1006
-21,-206,952
-121,-205,924
-236,-234,894
-338,-267,855
-472,-277,802
-625,-297,765
-769,-346,738
-993,-400,715
-953,-423,724


-,-,-
-56,255,1202
-110,-23,701
-16,-11,748
-45,-58,713
-118,-79,670
-166,-98,567
-214,-105,447
-287,-122,350
-395,-186,295
-468,-259,293
-510,-326,308
-566,-367,308
-602,-435,317
-653,-502,319
-675,-580,329
-734,-571,319
-763,-542,317
-699,-455,364
-580,-431,461
-467,-402,574
-320,-389,635
-212,-362,650
-240,-324,691
-234,-218,814
-107,-203,1018
73,-223,1171
164,-190,1326
249,-162,1427
306,-118,1486
383,-69,1530
474,-24,1570
503,13,1658
652,-44,1821
662,-33,1888
772,-96,1923
730,-71,1823
638,-38,1763
635,-43,1750
668,-51,1701
675,-26,1661
671,-40,1608
711,-51,1603
764,-67,1577
776,-103,1560
743,-145,1526
685,-199,1462
653,-206,1392
636,-221,1326
637,-226,1286
632,-236,1223
614,-216,1157
579,-187,1107
580,-148,1092
591,-153,1071
588,-132,1045
556,-129,1018
527,-130,1002
487,-122,991
454,-121,990
422,-131,1002
372,-144,1024
317,-184,1019
246,-193,993
186,-194,958
97,-209,948
13,-245,962
-99,-289,971


-,-,-
-51,25,787
-59,-115,838
-31,-68,691
-73,-235,652
-124,-176,554
-220,-199,458
-315,-223,318
-379,-225,193
-427,-216,113
-518,-334,140
-683,-357,110
-685,-446,206
-680,-522,232
-808,-528,247
-839,-527,279
-725,-549,305
-597,-504,424
-476,-466,557
-367,-426,649
-155,-407,805
-66,-376,968
0,-348,1128
72,-309,1274
199,-285,1362
320,-261,1484
405,-245,1592
518,-240,1632
481,-189,1636
510,-101,1670
669,-81,1763
820,-118,1878
864,-120,1919
874,-132,1928
897,-137,1886
906,-116,1812
914,-102,1733
928,-79,1680
915,-91,1624
867,-129,1567
845,-120,1537
882,-159,1526
885,-180,1480
833,-184,1401
795,-177,1337
751,-191,1274
742,-163,1249
749,-177,1204
741,-184,1181
712,-199,1162
720,-190,1159
731,-185,1143
700,-164,1109
682,-158,1086
627,-161,1053
533,-157,1023
408,-167,983
329,-181,946
231,-183,891
124,-188,858
-2,-211,828
-152,-254,796
-273,-286,800
-400,-321,797
-527,-349,773
-646,-374,762
-736,-449,775
-845,-519,792
-916,-560,784


-,-,-
19,236,411
-135,86,658
-126,-7,719
-203,-147,826
-241,-140,753
-219,-123,643
-251,-100,534
-224,-134,487
-222,-182,456
-360,-214,413
-397,-270,368
-506,-291,309
-566,-374,285
-610,-397,265
-679,-460,257
-742,-461,296
-754,-440,347
-748,-442,403
-747,-417,430
-695,-347,448
-579,-341,472
-481,-300,551
-440,-291,666
-411,-264,800
-298,-285,990
-179,-323,1131
-53,-298,1146
-40,-224,1177
-9,-152,1263
112,-117,1354
248,-50,1503
422,-81,1650
524,-113,1722
520,-102,1710
472,-60,1636
433,-33,1604
472,-32,1627
553,-14,1732
639,-57,1833
703,-60,1867
735,-57,1817
747,-23,1760
701,-18,1674
679,-22,1595
622,-24,1558
615,-52,1554
680,-68,1537
710,-81,1498
713,-84,1461
708,-105,1401
693,-95,1345
660,-110,1271
641,-119,1243
645,-149,1235
650,-145,1217
664,-117,1185
650,-102,1146
621,-76,1101
572,-73,1046
511,-60,1004
449,-70,969
393,-93,951
310,-103,939
254,-116,945
198,-162,954
131,-185,939
57,-209,920
-26,-221,925
-109,-241,933
-180,-256,926
-251,-273,897
-370,-299,866
-506,-349,849
-647,-408,816
-775,-446,788
-844,-432,783
-898,-416,806
-883,-393,854
-841,-460,917
-831,-489,955
-811,-490,959


-,-,-
-74,287,1174
-142,-120,776
-151,-77,821
-152,-59,741
-157,-59,679
-156,-104,623
-189,-132,586
-247,-160,529
-317,-183,474
-405,-253,454
-492,-319,417
-580,-349,336
-588,-384,275
-685,-384,270
-718,-350,289
-714,-337,367
-692,-343,497
-631,-389,601
-461,-397,676
-319,-427,712
-272,-382,718
-353,-328,762
-379,-265,857
-256,-269,1013
-114,-247,1165
52,-243,1275
120,-236,1358
128,-164,1422
183,-130,1466
227,-89,1510
312,-70,1593
390,-101,1629
423,-94,1658
441,-106,1683
462,-120,1685
487,-77,1691
489,-73,1690
456,-75,1663
437,-71,1627
428,-84,1573
422,-100,1529
405,-102,1499
406,-121,1494
433,-130,1480
470,-127,1479
490,-151,1482
476,-167,1463
462,-180,1438
467,-191,1420
491,-183,1406
516,-197,1371
529,-194,1337
546,-196,1309
561,-200,1268
575,-176,1229
576,-164,1189
566,-151,1174
562,-138,1161
555,-123,1139
526,-121,1107
495,-128,1079
442,-140,1043
379,-142,992
297,-149,957
236,-136,938
180,-166,916
113,-167,901
20,-185,889
-71,-202,864
-140,-215,836
-246,-236,821
-351,-281,811
-477,-324,806
-632,-402,789
-749,-464,736
-889,-492,672
-984,-508,646
-1045,-534,670


-,-,-
-345,-241,507
-411,-192,542
-407,-84,515
-390,-58,615
-352,-37,680
-291,4,769
-228,-33,811
-191,-84,796
-162,-142,767
-241,-257,751
-378,-331,663
-474,-315,569
-567,-284,565
-597,-224,636
-500,-233,754
-362,-303,852
-278,-360,912
-214,-397,924
-255,-379,932
-285,-313,926
-270,-203,936
-176,-113,1040
-23,-111,1174
91,-160,1352
178,-154,1477
241,-108,1590
361,-86,1701
468,-91,1753
531,-93,1789
533,-78,1787
512,-57,1765
522,-38,1762
533,-56,1764
595,-72,1787
534,-52,1733
575,-52,1710
605,-109,1691
574,-105,1647
546,-58,1563
533,-43,1501
549,-54,1471
556,-63,1443
553,-93,1419
541,-125,1401
559,-123,1384
565,-137,1334
547,-127,1274
546,-135,1248
545,-160,1221
536,-158,1190
509,-158,1150
484,-165,1113
466,-173,1093
442,-174,1070
412,-168,1067
377,-169,1061
350,-171,1050
309,-175,1013
261,-182,982
201,-191,950
127,-203,899
61,-192,878
-25,-200,881
-96,-215,883
-161,-215,866
-207,-240,847
-309,-275,824
-442,-295,800
-574,-303,764
-699,-321,747
-765,-350,756
-819,-369,779
-837,-372,803
-851,-391,819
-864,-426,829
-874,-445,814
-887,-449,804
-884,-445,789
