-,-,-
150,401,726
114,697,740
205,595,656
259,531,582
220,523,552
212,531,530
207,587,531
222,541,478
218,553,478
235,594,510
295,588,543
336,554,589
356,511,639
330,534,677
320,449,735
302,382,779
282,325,883
318,203,911
292,110,966
267,76,1046
268,-22,1113
270,-241,1169
276,-173,1229
328,-265,1263
403,-387,1287
442,-482,1294
451,-520,1301
498,-610,1263
558,-697,1240
596,-740,1208
661,-742,1164
724,-704,1119
800,-720,1055
835,-786,949
815,-751,878
814,-673,813
822,-653,767
792,-520,792
787,-344,821
732,-186,845
729,61,883
731,307,940
717,414,983
695,496,1057
694,589,1096


-,-,-
-103,269,606
18,401,650
82,396,600
169,424,607
257,406,598
258,411,599
231,438,638
241,407,606
193,406,581
163,374,583
188,366,624
217,407,692
251,425,754
272,411,821
275,402,887
268,326,919
239,288,968
314,138,1043
360,132,1092
370,42,1097
364,-30,1111
368,-155,1100
363,-274,1092
365,-406,1098
420,-526,1120
487,-611,1149
569,-638,1144
646,-727,1099
694,-852,990
711,-931,881
716,-965,828
772,-1005,782
841,-961,717
817,-821,706
771,-684,724
770,-542,729
746,-384,758
729,-213,789
679,-73,850
637,100,917
664,273,1012
693,467,1134
703,602,1210
474,679,1251
435,791,1296


-,-,-
220,250,997
368,356,766
467,387,666
385,370,627
366,407,564
315,500,517
223,513,479
176,505,474
179,433,454
188,359,450
213,300,474
271,291,531
299,281,606
346,205,710
383,79,805
419,28,937
442,0,1020
434,-30,1089
429,-106,1157
430,-177,1178
409,-241,1198
413,-284,1241
464,-273,1319
507,-302,1350
587,-380,1399
676,-439,1416
733,-500,1410
731,-503,1403
734,-487,1365
745,-494,1269
725,-533,1184
739,-595,1078
753,-702,959
771,-761,807
734,-807,700
682,-780,642
700,-723,584
746,-722,560
773,-627,631
747,-328,700
802,-136,749
795,63,795
937,274,853
661,335,920
706,466,977
686,621,1075
653,625,1058
635,626,1057
487,705,1075


-,-,-
76,285,528
145,423,691
269,445,639
340,427,629
408,329,578
419,303,558
382,272,537
355,287,512
317,405,541
293,445,534
259,419,496
218,362,488
220,278,514
266,178,588
322,144,706
386,90,806
434,47,906
407,20,975
435,-11,1057
444,-27,1095
410,-93,1139
377,-97,1203
373,-81,1276
408,-111,1342
533,-237,1359
581,-288,1381
641,-320,1412
715,-375,1408
793,-429,1359
777,-474,1327
743,-567,1218
747,-715,1091
725,-768,987
730,-813,907
725,-833,817
695,-782,740
678,-709,714
745,-660,734
843,-506,795
958,-354,891
983,-191,903
1007,-81,990
968,90,1019
836,296,1008
656,446,1001
564,597,1014
509,692,1059
498,737,1101


-,-,-
102,146,691
186,387,618
224,414,660
295,397,601
338,336,530
322,386,536
325,491,566
392,396,592
382,318,596
400,290,589
382,313,605
382,309,636
390,273,660
393,240,710
419,184,783
456,154,981
509,143,949
497,137,1044
492,82,1101
466,49,1172
467,-67,1203
489,-170,1261
509,-255,1306
557,-280,1345
600,-330,1379
639,-364,1386
712,-435,1359
732,-524,1326
782,-508,1298
805,-563,1288
821,-643,1202
805,-694,1086
791,-752,955
763,-791,873
731,-802,780
698,-818,661
657,-804,620
658,-764,535
638,-752,525
635,-732,523
641,-636,580
671,-507,656
793,-309,721
784,-128,778
908,99,875
740,222,967
748,329,1033
813,428,1072


-,-,-
313,14,553
338,404,829
318,374,785
345,304,712
304,333,650
252,423,596
252,423,549
244,390,471
213,370,443
215,447,460
269,437,500
295,394,532
310,385,605
306,405,673
331,396,762
380,327,818
400,252,846
388,109,847
343,47,908
349,46,982
380,-27,1027
414,-104,1068
446,-185,1119
530,-257,1215
596,-309,1299
660,-371,1363
728,-366,1413
788,-403,1446
847,-497,1394
843,-557,1327
800,-576,1242
769,-601,1177
747,-659,1077
721,-710,995
690,-798,949
664,-802,894
662,-788,833
668,-847,739
660,-887,658
631,-829,656
652,-678,601
615,-516,661
663,-335,729
824,-116,851
845,107,897
776,234,912
758,430,994
758,661,1101
742,813,1173
565,976,1205


-,-,-
458,241,819
523,358,852
555,320,775
533,325,710
485,353,647
427,435,611
406,505,580
385,566,578
374,578,554
328,553,549
300,496,551
292,437,565
282,392,614
285,362,689
334,266,761
317,239,884
373,126,996
379,60,1058
325,-21,1087
271,-112,1132
312,-196,1192
336,-220,1238
358,-257,1268
398,-313,1276
476,-386,1276
514,-513,1271
664,-575,1259
739,-639,1265
779,-680,1248
834,-754,1187
853,-816,1082
842,-833,989
795,-819,932
720,-768,833
628,-698,731
623,-643,665
595,-636,639
641,-658,633
690,-670,612
698,-590,640
630,-435,685
674,-178,762
736,39,874
717,286,937
685,446,988
628,570,1066
589,849,1157
615,979,1255
556,968,1279
577,946,1301


-,-,-
227,151,824
186,422,775
283,407,731
306,389,702
307,386,645
349,420,620
385,551,655
458,570,655
475,471,597
412,438,589
370,424,569
362,375,562
372,337,593
375,292,613
378,242,638
365,251,693
398,215,768
411,166,857
426,66,940
422,28,988
403,-56,1002
370,-143,1038
352,-163,1096
380,-222,1139
421,-341,1162
473,-418,1201
516,-456,1231
545,-482,1241
578,-483,1250
597,-505,1241
603,-599,1205
605,-685,1149
606,-731,1105
679,-880,1054
734,-1062,979
727,-1135,950
689,-1036,926
713,-1000,914
743,-889,883
760,-752,893
821,-659,867
806,-455,898
798,-210,928
805,-104,936
753,-30,925
759,192,929
718,252,987
636,470,999
645,651,1051
638,772,1089
569,816,1088


-,-,-
329,-23,563
248,318,658
321,395,694
334,480,689
376,441,630
344,417,579
274,455,604
248,465,561
276,381,545
287,360,545
325,371,583
386,347,600
432,336,635
497,297,682
528,249,723
527,175,792
495,108,868
465,12,900
365,-38,954
312,-71,997
283,-64,991
317,-117,1083
359,-134,1136
384,-197,1166
370,-217,1229
377,-253,1275
396,-283,1322
460,-305,1356
562,-337,1367
642,-388,1371
683,-449,1367
728,-459,1338
741,-501,1281
757,-610,1198
780,-788,1054
762,-946,907
725,-1081,816
654,-1073,755
639,-948,706
546,-653,770
563,-478,792
560,-326,825
681,-265,852
732,-189,902
798,-38,975
800,325,1065
760,611,1192
775,742,1250
738,797,1213
641,809,1132
443,843,1115


-,-,-
239,423,1043
282,311,715
341,283,714
333,426,691
332,489,636
298,492,572
256,499,550
280,528,528
305,534,490
308,586,498
318,593,538
360,499,544
352,466,564
345,444,612
375,398,652
409,320,675
381,312,730
381,256,798
387,211,874
374,184,942
393,112,969
399,68,1059
423,0,1124
487,-114,1149
526,-250,1162
514,-337,1220
634,-411,1250
653,-455,1258
630,-487,1260
626,-548,1248
626,-605,1204
623,-646,1154
635,-663,1108
630,-656,1092
664,-667,1035
687,-762,962
688,-786,916
715,-859,833
709,-915,801
707,-896,745
700,-838,735
762,-751,734
730,-436,788
722,-178,846
765,24,904
771,129,944
706,237,990
643,405,1039
665,590,1084
533,729,1148
530,823,1190


-,-,-
290,-64,688
249,575,702
336,437,762
315,516,757
482,506,661
381,486,610
340,491,596
381,458,578
380,437,582
368,476,599
384,487,593
361,446,589
313,474,602
303,467,615
294,465,636
278,440,648
276,339,716
372,259,798
391,198,855
405,124,897
397,81,941
391,29,990
382,-27,1037
368,-87,1060
390,-223,1070
398,-324,1094
453,-405,1128
482,-420,1187
545,-441,1226
594,-510,1237
598,-552,1263
740,-607,1276
654,-636,1271
696,-682,1255
734,-737,1209
755,-801,1112
750,-930,1025
720,-928,969
697,-780,965
718,-732,865
760,-618,810
681,-302,898
738,-178,970
824,3,1016
822,152,1029
787,249,1011
740,326,986
691,518,975
627,667,1018
608,780,1052
544,833,1061


-,-,-
211,53,467
153,202,657
390,150,791
533,195,803
576,218,812
576,257,775
544,296,718
494,301,656
410,351,640
328,427,624
301,466,607
293,460,599
301,448,619
351,359,653
401,252,725
438,138,776
474,39,795
442,-12,857
437,-6,934
454,-92,932
408,-146,936
355,-268,928
301,-356,949
317,-426,992
380,-569,1013
426,-669,1075
482,-774,1106
556,-869,1129
615,-950,1134
633,-965,1125
683,-1037,1061
753,-1202,945
751,-1202,849
778,-1304,746
701,-1320,675
636,-1277,618
708,-1265,537
582,-1086,593
717,-557,871
956,-3,1040
946,-118,1071
1058,-136,1017
1006,14,1027
840,149,1043
752,447,1090
675,678,1173
615,818,1208
544,922,1260
474,983,1287


-,-,-
375,59,609
396,249,671
280,380,671
289,433,619
275,447,558
260,482,503
264,559,530
320,545,554
411,466,584
502,381,637
554,362,687
547,345,714
510,347,744
473,306,735
431,261,721
393,190,728
325,153,802
300,138,878
309,86,987
351,-48,1034
359,-156,1067
367,-219,1125
400,-359,1145
386,-473,1158
371,-600,1163
355,-683,1176
352,-698,1186
366,-718,1165
344,-751,1169
370,-782,1150
397,-822,1131
440,-913,1080
529,-991,1027
557,-1086,986
566,-1158,923
570,-1208,874
547,-1143,854
528,-931,874
516,-652,906
532,-486,964
536,-354,980
671,-281,987
750,-129,1010
810,98,1074
641,228,1118
700,325,1134
687,451,1166


-,-,-
304,74,629
281,240,705
230,265,672
225,307,657
247,276,599
289,379,596
326,526,614
369,568,597
424,575,568
424,540,553
419,532,545
431,500,523
429,498,532
399,494,536
372,471,560
384,410,617
426,401,684
450,361,698
421,286,723
395,188,766
368,93,816
340,14,855
295,-62,915
279,-122,990
281,-235,1030
301,-333,1082
312,-402,1134
323,-501,1162
357,-577,1220
427,-667,1281
508,-671,1349
593,-655,1384
670,-654,1404
729,-704,1391
769,-772,1340
810,-937,1230
803,-1015,1161
833,-1171,1005
789,-1161,981
755,-1102,821
673,-927,857
660,-621,828
605,-334,804
635,26,914
768,270,1024
989,296,1036
759,271,1033
782,463,1028


-,-,-
-26,352,696
12,368,650
137,374,761
241,378,726
328,340,686
356,265,630
345,240,598
326,284,556
312,345,521
320,387,484
348,360,438
323,437,484
316,420,512
338,397,561
359,350,610
318,397,656
264,406,686
248,325,697
227,206,772
241,155,840
236,-7,889
232,-119,988
254,-231,1060
308,-368,1132
334,-469,1209
393,-546,1285
479,-628,1323
562,-711,1358
636,-766,1391
701,-865,1368
785,-966,1301
820,-1034,1276
868,-1093,1206
884,-1095,1114
854,-1042,1056
782,-978,1020
785,-959,895
735,-864,839
638,-629,859
640,-466,855
704,-301,896
700,-137,968
540,76,990
586,229,1065
546,368,1109
519,548,1126
472,671,1199

