-,-,-
166,-48,727
136,401,695
311,329,620
362,334,578
382,327,555
374,354,525
319,424,480
369,366,555
393,348,463
342,388,471
311,367,470
292,368,484
278,364,509
262,351,542
255,331,598
262,292,641
339,204,773
394,179,847
403,158,948
423,125,1038
459,44,1095
491,-61,1148
486,-150,1203
457,-187,1238
452,-278,1272
504,-415,1289
542,-535,1318
563,-608,1371
622,-648,1381
680,-682,1393
676,-714,1341
721,-800,1304
729,-805,1307
740,-814,1277
710,-801,1236
691,-741,1204
654,-730,1150
623,-768,1068
597,-801,1015
603,-846,896
575,-805,824
529,-670,799
463,-450,851
452,-225,845
439,-34,860
436,182,880
442,301,905
433,419,908
441,564,908
425,717,966
423,843,991


-,-,-
-17,232,775
-119,617,647
-69,418,630
23,353,575
84,349,575
89,405,608
136,393,625
145,408,640
163,374,654
186,359,670
208,371,679
241,370,697
276,341,741
274,333,800
250,308,872
253,182,937
260,74,979
245,48,1058
237,26,1125
268,-26,1177
272,-108,1193
279,-184,1301
326,-220,1322
325,-283,1359
311,-343,1379
302,-384,1389
305,-385,1408
341,-424,1411
406,-458,1409
441,-496,1410
479,-513,1387
488,-472,1374
531,-621,1302
536,-565,1232
512,-574,1175
513,-630,1055
504,-691,958
506,-693,873
504,-739,814
476,-613,749
398,-556,738
377,-490,703
345,-320,737
342,-147,760
368,-78,782
382,14,818
393,134,886
409,229,930
438,400,1011
460,545,1089
480,545,1144
470,587,1162


-,-,-
7,187,928
73,199,761
153,200,814
187,254,801
196,322,759
191,344,685
165,376,638
164,394,582
169,441,552
182,469,553
240,417,545
281,395,545
298,381,550
328,354,565
344,347,589
316,382,602
301,353,610
271,329,627
253,288,670
228,272,723
207,274,775
143,298,846
221,228,955
270,164,1020
267,65,1080
258,-14,1160
255,-65,1243
278,-104,1299
314,-124,1368
355,-206,1394
385,-265,1428
396,-353,1443
405,-374,1467
434,-405,1489
467,-428,1495
499,-456,1474
520,-476,1458
531,-452,1450
560,-425,1436
589,-445,1400
581,-479,1342
549,-488,1275
523,-511,1195
476,-580,1098
448,-649,994
425,-671,906
415,-664,813
372,-684,776
355,-713,711
325,-797,613
311,-809,563
268,-715,564
322,-571,545
436,-228,631
458,112,756
495,215,838
453,306,870
451,422,896
484,522,955
541,561,996
555,629,1035
587,750,1096
559,893,1192


-,-,-
151,247,608
123,382,674
98,330,646
136,369,621
138,416,594
153,405,548
143,360,539
147,345,512
139,340,509
158,345,530
187,348,587
258,334,670
302,299,750
338,272,797
326,241,837
304,233,896
298,276,970
287,303,1021
261,300,1076
225,284,1164
195,197,1203
266,103,1306
303,31,1328
304,8,1318
316,-126,1317
300,-235,1330
291,-296,1324
285,-342,1340
321,-379,1361
348,-420,1377
367,-428,1387
391,-446,1378
413,-465,1354
435,-510,1306
443,-557,1257
445,-589,1197
424,-642,1136
405,-677,1046
406,-734,968
386,-852,869
369,-909,748
368,-962,667
337,-944,624
319,-819,617
357,-661,662
376,-512,705
384,-334,751
419,-102,813
424,49,900
419,153,943
456,305,966
415,428,1026
327,608,1078
298,697,1099
292,822,1174
284,967,1209


-,-,-
96,143,570
179,338,712
79,366,747
161,339,685
210,353,661
229,343,632
228,379,611
240,354,546
241,385,547
287,391,559
307,342,560
301,373,605
315,369,616
308,321,601
252,293,597
202,303,646
193,230,701
218,130,757
220,146,834
254,89,872
252,44,943
261,30,1041
302,0,1242
359,-87,1175
368,-173,1220
368,-224,1244
344,-247,1270
310,-256,1286
305,-332,1288
285,-385,1310
255,-408,1328
270,-468,1332
297,-524,1350
331,-537,1369
380,-565,1367
423,-590,1375
454,-619,1357
471,-664,1309
466,-682,1273
464,-669,1212
476,-675,1018
463,-698,1057
455,-693,964
445,-739,873
455,-812,756
352,-796,680
391,-837,655
387,-667,610
356,-490,620
329,-230,650
419,184,803
455,451,991


-,-,-
166,168,781
236,222,744
176,278,731
193,280,684
184,333,636
212,336,607
207,366,607
211,374,579
214,371,555
193,349,547
179,338,546
183,339,564
195,348,613
156,400,678
143,389,714
209,304,762
302,158,854
376,113,985
417,67,1046
405,8,1112
375,-67,1149
345,-102,1184
303,-99,1220
308,-164,1233
303,-208,1261
308,-282,1294
343,-360,1324
363,-398,1358
393,-434,1389
409,-471,1393
413,-465,1395
410,-442,1383
418,-446,1363
435,-471,1316
425,-471,1280
391,-440,1239
369,-462,1179
313,-475,1113
273,-446,1068
278,-472,1008
272,-511,913
248,-549,844
309,-661,729
338,-771,637
316,-778,623
331,-741,583
345,-744,567
364,-744,540
422,-712,533
357,-612,614
443,-347,710
563,-99,858
648,53,967
504,118,982
605,150,1071
624,201,1099
555,270,1104
538,409,1137
556,562,1216
555,690,1276


-,-,-
39,262,761
68,350,739
148,379,685
163,430,667
209,404,627
212,395,590
169,443,571
205,420,521
164,393,509
223,411,493
216,487,523
226,470,534
219,437,540
193,454,574
178,443,609
168,424,638
168,385,678
182,359,729
199,367,832
258,318,896
295,233,978
278,162,1067
286,39,1136
303,-32,1208
322,-129,1232
325,-235,1254
376,-346,1294
417,-366,1316
404,-388,1337
400,-406,1349
396,-455,1349
405,-500,1335
419,-522,1323
426,-533,1311
432,-547,1282
431,-575,1243
446,-631,1184
465,-719,1141
480,-781,1091
462,-803,1037
457,-822,994
481,-822,966
509,-761,959
544,-726,919
546,-714,877
577,-733,761
552,-726,777
545,-665,740
552,-488,739
499,-112,849
498,66,934
580,159,959
599,331,1018
565,472,1098
583,559,1170
614,646,1192
597,654,1173
572,702,1134
570,748,1136
515,792,1149


-,-,-
187,281,850
210,399,800
182,316,750
241,298,688
223,282,640
236,371,616
256,401,601
283,402,561
289,427,544
299,438,539
313,392,524
306,358,516
298,366,518
277,417,551
274,447,562
262,441,590
263,384,634
244,351,694
226,296,740
253,246,842
289,208,925
294,172,992
264,110,1040
246,13,1075
232,-88,1115
191,-144,1146
219,-237,1240
270,-198,1305
340,-231,1379
409,-306,1417
450,-353,1435
454,-417,1435
468,-452,1432
475,-464,1415
456,-453,1414
480,-465,1386
498,-454,1367
517,-419,1345
518,-391,1308
509,-396,1246
470,-396,1188
454,-386,1122
454,-424,1057
467,-618,964
482,-634,848
460,-730,784
433,-768,717
430,-772,651
353,-755,611
352,-697,572
386,-635,526
353,-530,510
384,-258,534
459,-171,663
666,28,732
456,198,840
513,421,892
534,583,1027
501,769,1103
518,742,1119
567,733,1136
605,736,1145
576,784,1162


-,-,-
99,24,873
175,121,902
131,221,895
182,293,903
304,238,883
346,211,889
342,182,821
267,203,747
172,266,652
115,341,592
116,415,531
141,502,496
179,507,478
216,543,486
233,568,488
251,517,475
253,503,481
256,464,479
262,449,503
255,521,541
295,455,536
307,415,557
280,389,600
252,337,649
236,231,696
235,160,780
242,105,873
251,99,983
269,54,1048
227,17,1152
307,-86,1222
342,-168,1327
366,-213,1397
377,-240,1438
406,-321,1447
428,-393,1454
439,-439,1464
438,-476,1465
447,-506,1466
469,-550,1462
491,-563,1461
499,-584,1414
460,-605,1381
420,-598,1349
418,-614,1294
424,-622,1225
392,-601,1193
405,-606,1119
406,-668,1020
442,-808,892
373,-856,834
553,-1001,678
550,-1129,574
471,-1008,581
385,-867,553
387,-636,521
470,-241,588
473,261,758
378,602,906
479,589,948
536,464,965
554,419,947
575,483,969


-,-,-
13,129,774
65,314,637
198,331,629
255,431,661
260,465,669
248,529,637
288,488,610
304,495,628
388,439,595
379,363,605
386,355,620
397,344,626
415,326,638
394,341,656
365,320,658
320,291,701
323,269,765
339,291,843
353,234,930
412,105,935
376,23,966
336,-72,1008
341,-206,1054
323,-287,1109
300,-317,1159
357,-319,1209
454,-422,1246
507,-525,1288
540,-568,1331
547,-533,1372
583,-518,1393
624,-552,1382
635,-587,1353
649,-558,1343
654,-532,1326
664,-539,1272
649,-546,1205
589,-558,1121
543,-584,1048
503,-654,955
465,-709,879
440,-768,777
431,-830,678
407,-874,626
397,-884,590
392,-808,557
424,-731,472
385,-568,494
321,-363,563
301,-284,583
418,-157,611
665,45,767
479,358,887
488,552,962
564,784,1106
569,828,1237
750,680,1236
822,480,1185
753,458,1175
637,437,1195
385,492,1215


-,-,-
129,-79,500
33,361,646
142,302,631
203,330,631
255,299,566
277,329,548
294,378,527
314,342,499
324,321,505
327,310,524
330,332,552
313,349,582
297,352,640
276,355,688
270,307,736
261,221,811
247,166,885
252,76,952
245,-31,1012
220,-108,1082
224,-213,1118
244,-289,1186
258,-390,1256
319,-449,1309
403,-497,1388
482,-559,1424
523,-617,1441
542,-685,1406
571,-687,1378
558,-653,1394
541,-612,1365
528,-625,1283
508,-633,1220
505,-613,1124
468,-612,1058
409,-598,989
404,-649,860
385,-709,740
349,-847,623
318,-978,436
282,-1062,349
253,-1080,204
187,-1066,249
106,-850,293
272,-468,424
763,-129,607
427,-46,835
635,-36,859
728,66,935
686,338,1107
710,418,1211
819,472,1289
766,660,1370


-,-,-
90,-21,660
27,279,735
99,345,723
159,294,723
167,365,658
175,415,640
225,456,629
264,501,613
304,522,609
342,511,595
347,495,581
310,540,599
307,515,606
273,513,628
247,493,624
221,438,678
228,415,706
192,359,754
187,265,820
188,182,895
181,117,969
174,74,1032
172,36,1094
184,-13,1155
222,-126,1211
266,-249,1252
274,-302,1298
290,-308,1323
323,-336,1336
356,-383,1334
407,-497,1310
432,-532,1303
451,-567,1284
460,-573,1288
462,-541,1296
432,-503,1279
413,-496,1251
381,-507,1210
379,-534,1144
353,-521,1113
315,-459,1090
305,-444,1034
308,-465,977
337,-480,947
403,-534,875
458,-664,770
455,-803,699
479,-899,633
516,-878,590
421,-693,655
524,-605,634
482,-494,663
499,-169,729


-,-,-
268,49,904
209,154,855
190,289,874
185,352,867
194,300,808
190,367,783
183,415,737
205,454,690
212,495,636
202,507,590
209,499,558
203,521,528
192,505,513
189,476,478
173,467,478
152,478,477
146,496,527
191,435,552
239,417,615
253,406,663
242,358,696
215,310,742
209,272,806
194,232,878
169,176,949
163,101,1009
184,24,1097
276,-23,1203
365,-87,1237
381,-166,1270
376,-272,1303
382,-357,1314
392,-431,1330
409,-451,1352
456,-472,1383
480,-470,1420
489,-459,1419
494,-481,1422
480,-499,1414
505,-520,1387
543,-540,1351
530,-544,1320
521,-548,1275
526,-582,1222
531,-610,1159
526,-643,1065
505,-749,980
462,-795,883
414,-845,805
416,-897,696
371,-853,676
442,-742,589
341,-508,625
331,-353,583
367,-244,560
537,-61,556
832,66,567
488,525,701
346,965,930
336,1202,1136
505,1212,1263


-,-,-
162,-27,698
230,142,615
126,281,677
162,300,646
197,299,596
214,326,559
208,377,530
203,385,529
219,407,543
245,415,542
240,436,561
250,409,571
237,402,575
214,365,583
231,344,604
249,356,643
254,354,678
244,303,736
280,213,804
284,137,895
286,34,990
281,-37,1038
262,-129,1095
258,-183,1168
264,-266,1212
270,-319,1257
277,-377,1304
323,-411,1351
372,-426,1390
408,-455,1429
441,-478,1446
471,-534,1442
491,-600,1418
500,-627,1404
517,-656,1370
524,-650,1353
511,-585,1330
515,-586,1263
494,-539,1219
474,-505,1154
465,-457,1097
445,-440,1021
411,-395,962
391,-400,832
361,-519,718
330,-620,589
295,-670,508
283,-688,421
270,-685,394
207,-589,405
175,-547,397
101,-396,469
202,-70,650
452,179,777
539,82,827
568,3,813
621,83,891
600,257,1067
647,418,1155
764,372,1209
783,511,1278
735,630,1339
657,656,1332


-,-,-
40,169,521
115,317,560
-41,467,566
24,452,539
94,414,511
148,406,528
221,404,533
255,370,532
275,365,539
310,341,544
304,366,573
276,425,582
204,461,642
186,414,653
189,324,690
190,271,782
217,183,872
230,102,975
210,57,1060
209,-28,1105
205,-150,1115
173,-241,1144
227,-336,1191
265,-392,1246
301,-431,1314
337,-488,1375
398,-536,1441
392,-529,1489
488,-615,1404
450,-679,1388
390,-690,1354
386,-654,1330
406,-627,1301
430,-652,1260
454,-645,1236
468,-588,1214
476,-558,1183
458,-605,1104
436,-615,1049
406,-556,995
375,-571,925
335,-622,824
283,-588,766
282,-672,698
296,-649,618
265,-490,630
254,-254,669
288,-248,688
360,-271,706
382,-257,715
407,-153,824
480,141,939
528,380,1019
538,425,994
497,386,1009
433,485,1039
409,447,1028
534,526,1101
693,590,1117
813,445,1122
584,417,1094
588,509,1036


