-,-,-
-50,-29,976
36,-38,411
52,-150,521
4,-231,714
18,-297,790
37,-282,801
37,-200,783
-13,-160,792
-25,-135,880
20,-144,950
92,-208,1082
100,-289,1181
110,-338,1231
85,-395,1281
43,-449,1364
14,-440,1453
35,-257,1511
119,-342,1535
171,-319,1543
137,-286,1554
90,-216,1607
92,-200,1691
150,-162,1770
204,-131,1871
212,-119,1977
204,-119,2097
218,-138,2207
235,-165,2276
258,-172,2311
273,-149,2291
280,-148,2212
246,-142,2141
214,-152,2063
202,-191,1978
177,-204,1859
118,-200,1722
64,-226,1617
19,-226,1496
1,-228,1387
-27,-234,1283
-55,-221,1199
-62,-190,1098
-61,-193,1003
-61,-176,895
-71,-132,789
-83,-108,727
-97,-102,639
-99,-60,560
-68,-23,489
-54,-9,438
-66,21,393
-77,23,381
-95,11,363
-82,30,338
-30,76,302
27,111,264
45,126,223
82,127,208
118,103,208
146,61,195
151,55,178
139,53,177
115,36,183
86,8,184
47,-10,203
30,-29,237
19,-42,270
19,-38,284
13,-33,285
-122,-47,315
-22,-75,354
-40,-86,386
-39,-59,447
-10,-73,567
17,-122,706
56,-147,834
49,-197,898
32,-222,948
-21,-239,1014
-75,-251,1112
-86,-293,1188
-63,-302,1320
-42,-317,1442
-42,-318,1544
-48,-291,1676
-67,-287,1763
-57,-231,1851
-38,-166,1948
5,-142,2090
59,-111,2340
107,-118,2365
119,-105,2450
123,-67,2489
122,-66,2517
135,-55,2539
140,-105,2492
123,-121,2399
90,-125,2265
73,-139,2030
50,-165,2010
18,-205,1836
-28,-246,1675
-87,-265,1532
-142,-295,1419
-213,-306,1264
-246,-281,1105
-297,-264,915
-367,-273,627
-398,-230,576


-,-,-
119,294,849
-18,102,378
-23,-106,548
14,-124,540
6,-120,501
12,-148,477
23,-183,447
0,-185,400
19,-142,329
-57,-173,299
30,-209,350
198,-244,427
-95,-207,461
-30,-244,587
-28,-303,704
-13,-294,793
-36,-288,888
-58,-293,1046
-52,-315,1224
-5,-301,1399
36,-292,1566
53,-237,1722
98,-206,1946
87,-230,2171
68,-240,2338
72,-203,2456
145,-211,2544
224,-146,2597
-261,-16,2628
304,-128,2656
257,-155,2628
247,-148,2524
202,-166,2356
139,-171,2169
85,-149,2029
29,-142,1846
-31,-180,1678
-71,-213,1535
-112,-236,1394
-150,-238,1283
-178,-214,1126
-186,-195,1004
-203,-200,870
-217,-173,765
-211,-97,631
-193,-51,517
-175,-28,424
-148,-1,342
-95,27,279
-51,44,208
-45,38,125
-9,19,66
-6,-6,20
5,-11,-22
23,-15,-62
65,121,-93
107,-1,-80
147,-8,-65
118,-51,-36
106,-56,-17
95,-41,7
60,-44,10
10,-47,28
-14,-38,78
-28,-61,196
-3,-96,321
11,-107,470
57,-125,725
65,-134,737
34,-190,936
-16,-211,1140
16,-243,1359
-110,-225,1521
-77,-217,1777
-54,-198,1985
-35,-148,2229
-22,-162,2397
34,-150,2575
44,-82,2673
97,0,2727
-182,38,2771
232,-20,2783
161,-17,2737
167,3,2653
134,-42,2529
85,-107,2263
33,-113,2154
-41,-137,1930
-83,-142,1742
-115,-188,1543
-161,-184,1405
-196,-149,1212
-205,-126,1042
-198,-121,872
-186,-123,630
-172,-110,572
-218,-47,445


-,-,-
-135,60,806
102,-115,289
18,-73,306
96,-159,365
63,-217,468
-51,-275,574
-48,-332,641
-160,-299,650
40,-222,669
-218,-177,750
-139,-212,965
-72,-239,1155
-18,-291,1265
-27,-305,1408
-109,-305,1561
-181,-310,1679
-221,-297,1801
-191,-288,1923
-114,-279,2100
-62,-268,2273
-40,-267,2418
-28,-267,2474
-25,-229,2511
-355,-157,2491
1,-132,2456
-75,-152,2358
-16,-158,2278
-13,-197,2208
-33,-209,2086
-68,-220,1910
-113,-205,1788
-164,-224,1653
-183,-252,1524
-199,-261,1374
-182,-228,1225
-165,-219,1117
-156,-149,1007
-158,-115,900
-157,-100,799
-153,-54,722
-136,-29,621
-125,-7,533
-142,6,458
-113,-10,377
-101,31,281
-90,76,192
-73,53,144
-30,38,108
-12,44,90
40,69,98
242,36,122
164,0,130
160,13,115
144,17,96
160,57,82
108,-21,99
71,-27,138
61,-35,179
39,-56,241
27,-66,305
31,-89,344
34,-101,392
38,-114,418
7,-125,471
-27,-121,551
-79,-117,654
1,-134,747
-39,-143,852
-40,-176,941
-3,-229,1006
-188,-218,1084
-232,-210,1228
-237,-222,1470
-227,-237,1701
-179,-216,1941
-134,-244,2085
-161,-282,2207
-352,-225,2297
-274,-203,2385
-269,-167,2482
-174,-141,2566
-483,-154,2660
-110,-252,2766
-49,-251,2685
-39,-286,2567
-104,-286,2425
-158,-278,2236
-198,-131,2030
-200,-220,1857
-185,-225,1748
-184,-240,1585
-187,-256,1425
-163,-266,1253
-144,-236,1104
-164,-203,939
-203,-164,746
-233,-1,545


-,-,-
89,-71,954
-71,-167,818
56,-120,785
47,-134,701
28,-139,599
0,-150,566
-1,-170,542
-46,-197,533
-11,-175,498
-18,-197,489
20,-203,486
43,-236,467
51,-248,454
32,-282,459
37,-334,467
-29,-332,510
-103,-350,550
-154,-337,609
-172,-288,709
-129,-241,868
-55,-253,990
28,-242,1126
37,-199,1243
1,-147,1339
-38,-93,1411
-48,-28,1534
115,6,1706
70,-21,1895
112,-42,2063
135,-37,2149
151,-44,2246
135,-41,2335
95,-43,2351
181,-35,2311
118,-29,2266
53,-62,2226
16,-81,2144
12,-97,2043
2,-129,1947
-53,-153,1815
-101,-166,1690
-142,-186,1590
-158,-214,1534
-150,-216,1458
-141,-219,1366
-151,-213,1248
-158,-199,1105
-174,-155,1021
-187,-145,919
-208,-126,837
-211,-94,783
-186,-72,748
-159,-65,693
-143,-30,621
-124,122,551
-129,12,484
-102,42,447
-87,56,411
-83,40,383
-68,27,339
-25,57,322
23,59,285
65,65,240
132,62,208
199,39,190
211,-10,192
189,-8,200
158,-43,210
110,-78,240
52,-121,265
28,-110,292
12,-88,317
-10,-95,346
2,-119,376
19,-147,425
54,-182,441
44,-215,461
-3,-236,497
-51,-249,559
-78,-251,684
-73,-275,809
-29,-279,911
0,-269,1115
28,-243,1108
59,-206,1259
63,-202,1423
66,-208,1556
55,-192,1650
27,-173,1784
21,-129,1944
45,-122,2122
101,-119,2281
158,-159,2456
148,-198,2539
127,-187,2547
65,-172,2497
42,-161,2439
22,-184,2340
5,-210,2245
-15,-245,2160
-45,-292,2103
-69,-323,2020
-101,-370,1894
-135,-392,1721
-175,-370,1578
-222,-371,1498
-261,-387,1368
-287,-352,1212


-,-,-
-46,2,988
-142,-116,1036
0,-73,927
21,-71,885
67,-100,840
140,-114,765
157,-89,682
126,-65,627
88,-62,622
83,-81,622
96,-96,620
108,-136,631
109,-159,634
122,-166,644
123,-194,630
104,-195,584
76,-172,594
49,-173,656
51,-212,710
42,-205,769
20,-216,812
-5,-239,848
-68,-245,890
-139,-234,976
-171,-225,1089
-170,-202,1234
-153,-195,1400
-162,-193,1532
-256,-173,1688
-192,-143,1827
-194,-117,1989
-146,-87,2119
-77,-97,2269
-21,-88,2376
5,-109,2407
-40,-151,2399
-57,-171,2363
-85,-218,2298
-103,-262,2201
-122,-287,2075
-150,-310,1974
-180,-326,1819
-195,-313,1677
-195,-299,1549
-171,-284,1423
-170,-268,1319
-183,-221,1194
-185,-187,1083
-170,-158,1003
-125,-126,955
-102,-109,891
-81,-81,839
-54,-70,788
-40,-59,715
-38,-23,652
-21,27,589
3,44,524
14,56,465
34,90,430
60,107,392
84,112,363
108,116,333
134,128,317
149,111,292
161,116,290
166,94,312
180,64,330
205,47,334
233,40,326
223,29,313
197,20,299
168,2,292
139,-17,285
78,-27,289
60,-48,297
42,-69,295
0,-96,294
-30,-101,292
-58,-119,302
-65,-121,332
-33,-130,384
10,-170,477
21,-201,560
18,-208,671
-11,-232,818
-36,-250,928
-8,-253,1066
33,-242,1179
78,-233,1283
69,-239,1486
24,-202,1497
-8,-204,1701
19,-235,1932
0,-235,2123
127,-260,2264
132,-300,2424
119,-349,2552
102,-364,2636
108,-369,2658
120,-383,2650
135,-403,2637
127,-427,2589
126,-430,2509
104,-443,2400
74,-417,2223
52,-397,2071
31,-415,1908
-10,-390,1656
-43,-359,1611
-81,-342,1467
-101,-320,1302
-125,-305,1138
-114,-303,1015


-,-,-
-70,163,1218
-224,25,595
99,28,727
132,-30,714
107,-83,710
120,-143,712
119,-191,673
69,-205,602
29,-203,485
2,-202,358
-9,-205,261
-42,-199,209
-75,-216,208
-72,-220,254
-53,-231,342
-47,-258,419
-123,-260,477
-195,-252,559
-161,-240,716
-125,-259,888
-84,-246,1063
-74,-246,1192
-106,-249,1391
-130,-283,1587
-134,-293,1780
-267,-279,1901
-23,-294,2121
-77,-288,2259
-28,-310,2381
-13,-327,2499
32,-363,2563
-19,-361,2558
32,-316,2483
102,-327,2383
-24,-331,2318
-56,-335,2210
-44,-333,2096
-40,-322,1965
-60,-308,1813
-97,-329,1711
-125,-340,1593
-135,-332,1473
-147,-319,1332
-138,-270,1223
-110,-219,1082
-92,-165,969
-92,-151,877
-102,-149,806
-114,-120,755
-123,-108,664
-104,-79,572
-116,-47,477
-111,-13,427
-136,14,365
-117,33,327
-86,31,312
-40,15,301
1,1,308
63,-7,288
61,7,243
74,20,218
148,-24,233
104,-54,245
55,-87,252
48,-68,254
59,-64,251
61,-71,247
75,-75,265
91,-95,292
100,-124,320
107,-132,323
75,-140,319
33,-153,307
0,-144,300
-23,-104,362
-1,-107,449
56,-141,577
98,-178,703
109,-216,825
58,-268,888
-34,-274,978
-121,-271,1099
-154,-270,1254
-173,-282,1406
-160,-318,1497
-161,-314,1621
-173,-312,1774
-249,-296,1948
-180,-365,2093
-193,-398,2252
-212,-421,2371
-226,-420,2432
-239,-392,2468
-209,-382,2496
-163,-408,2469
-166,-390,2392
-184,-378,2343
-191,-416,2294
-176,-416,2197
-170,-402,2081
-159,-401,1961
-160,-403,1816
-167,-391,1697
-164,-366,1533
-168,-310,1377
-182,-276,1225
-194,-243,1121
-201,-221,987
-211,-174,838
-221,-116,687
-253,-77,530
-239,-35,450
-222,23,329
-211,81,264
-176,69,123
-186,73,29


-,-,-
-101,274,1412
-40,50,809
-24,25,900
-27,-11,898
-14,-22,860
-5,-18,802
14,-39,742
-5,-75,688
-17,-77,667
-2,-103,613
9,-130,555
1,-125,480
2,-133,410
-23,-142,366
-70,-155,339
-100,-98,370
-125,-47,437
-81,-67,535
20,-136,669
14,-181,753
23,-191,835
-61,-224,903
-143,-264,956
-202,-253,1073
-226,-261,1257
-157,-249,1452
-42,-208,1590
2,-151,1734
31,-78,1863
16,-46,1992
86,-77,2059
100,-57,2098
153,-37,2093
39,-70,2154
84,-53,2184
64,-29,2198
50,-41,2202
68,-64,2177
55,-55,2118
51,-40,2028
44,-37,1957
28,-20,1876
7,-36,1778
-42,-50,1675
-66,-67,1586
-92,-82,1487
-120,-96,1396
-135,-115,1315
-135,-127,1220
-138,-116,1146
-145,-96,1031
-112,-29,919
-112,21,808
-94,48,725
-99,60,623
-109,70,534
-103,81,482
-80,61,444
-76,64,409
-100,43,359
-101,38,378
-73,7,378
-20,-3,348
13,46,286
56,40,220
76,34,192
82,-9,200
78,-45,214
78,-80,206
57,-93,162
63,-67,143
71,-49,140
76,-72,166
65,-106,178
45,-247,163
20,-126,157
19,-108,162
-7,-144,209
-12,-147,306
-11,-148,399
-16,-134,509
94,-113,689
93,-143,845
66,-157,1022
3,-144,1211
-76,-142,1350
-78,-80,1569
-42,-54,1831
-2,-56,2105
17,-57,2264
29,-5,2430
45,-13,2557
20,-56,2623
-26,-66,2652
-66,-73,2670
-70,-108,2715
-46,-145,2766
11,-181,2762
41,-221,2679
32,-219,2495
23,-193,2273
16,-169,2085
-11,-184,1903
-67,-171,1775
-118,-178,1595
-138,-179,1442
-142,-190,1282
-169,-230,1172
-93,-220,974
-102,-122,759
-160,-78,556
-246,-30,379
-267,57,241


-,-,-
35,150,971
43,-160,448
37,-202,393
-74,-217,357
-85,-278,349
-56,-286,309
-57,-206,226
-99,-18,223
-144,-107,280
-162,-92,410
-76,-121,583
-13,-174,752
59,-194,904
51,-269,1010
12,-274,1166
14,-264,1321
59,-261,1486
120,-225,1560
109,-184,1628
115,-141,1741
113,-113,1891
191,-126,2073
24,-113,2135
214,-159,2265
275,-152,2329
243,-183,2382
156,-185,2396
168,-177,2383
203,-194,2347
200,-202,2301
176,-230,2230
139,-251,2143
93,-251,2003
47,-242,1859
6,-234,1735
-31,-265,1509
-61,-251,1520
-69,-244,1422
-62,-257,1336
-54,-250,1230
-71,-227,1137
-94,-192,1011
-112,-157,909
-117,-139,827
-115,-122,640
-124,-94,687
-135,-70,626
-140,-40,561
-130,-19,504
-99,17,465
-92,43,403
-48,63,360
-20,72,301
-8,98,127
-16,110,211
-18,86,207
-21,51,205
-5,30,195
44,21,195
89,14,187
110,17,199
123,17,206
108,-7,224
70,-25,257
45,-31,292
47,-46,315
43,-42,327
34,-71,322
15,-94,309
-19,-117,334
-51,-114,390
-75,-122,594
-38,-147,611
20,-180,739
59,-194,844
55,-243,896
-20,-247,927
-135,-239,961
-173,-190,1032
-185,-164,1153
-161,-184,1264
-162,-213,1405
-196,-202,1565
-175,-180,1819
-101,-210,2104
10,-261,2277
124,-264,2486
215,-302,2640
264,-318,2701
251,-286,2680
190,-238,2596
163,-231,2531
170,-251,2470
174,-264,2379
137,-304,2296
90,-318,2169
61,-333,2015
27,-324,1855
3,-299,1731
-19,-316,1571
-52,-298,1402
-84,-264,1246
-139,-262,1094
-188,-260,977
-238,-241,819
-271,-179,694
-306,-194,549


-,-,-
-141,178,1061
-122,-12,707
-97,7,730
-124,-71,706
-158,-109,682
-156,-115,610
-174,-118,497
-167,-101,397
-136,-92,347
-114,-129,326
-100,-124,318
-86,-129,286
-65,-128,258
-38,-120,284
-122,-130,335
-88,-134,462
-71,-187,620
17,-241,775
-78,-274,807
-3,-266,896
3,-261,972
-6,-249,1098
-7,-284,1293
-39,-358,1432
-68,-377,1532
-99,-381,1606
-141,-383,1699
-156,-394,1789
-135,-400,1906
-102,-395,2007
-58,-391,2127
10,-399,2227
148,-403,2269
11,-376,2305
102,-364,2323
110,-340,2296
116,-302,2127
83,-302,2196
51,-308,2153
29,-326,2087
25,-331,1989
41,-333,1875
38,-306,1718
22,-279,1576
-31,-262,1467
-64,-246,1254
-97,-240,1240
-130,-227,1104
-154,-193,1000
-165,-175,912
-167,-179,862
-182,-174,785
-188,-148,721
-192,-134,664
-181,-112,505
-167,-107,584
-148,-90,536
-164,-65,460
-145,-44,393
-160,-15,332
-168,12,273
-168,20,229
-137,31,211
-75,38,229
-32,16,255
14,6,258
54,10,267
112,21,267
135,38,256
107,17,245
81,4,262
52,-8,296
79,-29,313
71,-36,314
51,-66,284
74,-41,272
8,-37,246
-39,-63,242
-53,-30,301
-26,-20,396
34,-55,527
110,-109,606
126,-145,653
88,-138,672
59,-176,730
-95,-170,838
-93,-183,983
-81,-289,1218
-124,-348,1436
-128,-388,1692
-139,-378,1827
-149,-327,2042
-119,-330,2250
-62,-353,2439
5,-374,2580
-185,-275,2684
47,-410,2736
51,-404,2787
31,-396,2722
12,-373,2648
-30,-397,2538
-59,-416,2407
-81,-419,2237
-100,-418,2038
-120,-391,1895
-146,-386,1711
-164,-370,1544
-175,-341,1363
-181,-290,1237
-193,-265,1068
-203,-209,919
-199,-158,806
-187,-157,703
-175,-139,623
-163,-90,514
-167,-44,416
-214,-2,314
-232,26,247


-,-,-
39,-131,1115
-113,-125,577
6,-61,601
-23,-88,566
-36,-54,578
-2,-80,550
57,-59,550
113,-77,519
104,-142,510
75,-197,503
32,-231,507
-28,-275,521
-42,-275,538
-26,-255,554
-51,-231,546
-25,-203,570
118,-258,656
-47,-304,674
-48,-336,734
-77,-327,840
-52,-304,941
27,-297,1080
35,-316,1204
24,-321,1317
10,-317,1396
11,-316,1542
38,-322,1703
69,-343,1848
93,-342,1981
73,-330,2061
116,-354,2167
126,-345,2239
131,-345,2297
190,-337,2343
223,-334,2384
191,-325,2367
181,-287,2319
178,-318,2262
133,-362,2182
74,-367,2056
44,-373,1931
9,-367,1785
-23,-366,1675
-55,-366,1550
-95,-352,1429
-120,-331,1291
-123,-307,1159
-117,-270,1075
-99,-211,974
-93,-176,881
-86,-142,784
-102,-122,721
-107,-103,644
-91,-64,550
-92,-13,452
-76,14,373
-87,-4,326
-97,-22,279
-90,-9,241
-56,-6,210
-16,4,201
18,2,173
39,5,144
66,8,124
121,-15,113
143,-35,106
130,-51,106
118,-71,121
90,-68,128
65,-83,142
65,-102,181
26,-142,196
-12,-162,205
-52,-142,263
-50,-128,330
-10,-142,457
14,-165,594
52,-183,710
53,-211,780
43,-192,857
-4,-163,944
-9,-178,1085
-8,-206,1273
-15,-253,1429
-46,-299,1643
-36,-329,1889
-32,-349,2106
63,-372,2358
93,-340,2360
98,-321,2480
108,-319,2617
142,-341,2687
168,-344,2689
176,-350,2640
153,-361,2535
91,-360,2414
36,-355,2320
7,-378,2185
-26,-397,2019
-56,-367,1820
-97,-346,1620
-122,-319,1477
-155,-282,1296
-175,-242,1132
-195,-216,994
-224,-203,909
-243,-203,797
-273,-150,671
-305,-102,536


-,-,-
-48,-77,732
-160,-194,520
-82,-181,454
-25,-193,432
37,-181,404
27,-148,362
-49,-128,337
-128,-78,375
-191,-77,488
-32,-144,610
66,-241,783
107,-332,919
51,-394,1010
24,-448,1045
-34,-475,1046
-159,-472,1053
-232,-334,1107
-197,-323,1240
-103,-360,1398
-45,-325,1521
-20,-253,1642
7,-212,1779
55,-175,1907
20,-141,1974
31,-129,2077
13,-162,2236
47,-210,2419
-224,-168,2485
134,-250,2584
122,-238,2535
76,-374,2478
46,-264,2407
10,-280,2286
-21,-260,2125
-33,-290,1989
-53,-317,1851
-78,-320,1730
-118,-316,1556
-142,-291,1437
-158,-323,1334
-168,-338,1208
-194,-311,1106
-211,-296,990
-218,-276,890
-194,-232,801
-170,-191,729
-150,-153,637
-142,-105,543
-135,-71,448
-125,-35,264
-131,-1,325
-121,6,270
-122,31,219
-107,49,180
-55,68,165
-18,74,164
23,54,180
56,21,186
105,7,199
168,16,190
194,50,185
208,61,178
183,25,199
149,5,218
90,-1,230
95,-1,255
88,-16,291
86,-31,318
82,-71,310
81,-90,327
47,-120,346
7,-127,411
2,-145,490
2,-182,612
11,-209,708
68,-221,813
5,-285,989
-36,-308,938
-102,-319,992
-150,-322,1117
-186,-352,1284
-177,-388,1416
-154,-385,1569
-153,-360,1724
-134,-337,1912
-108,-332,2031
-84,-294,2170
-60,-290,2267
-51,-252,2367
-12,-239,2480
22,-235,2543
40,-223,2602
54,-246,2612
50,-272,2547
23,-273,2459
-4,-278,2310
-20,-287,2154
-46,-316,1987
-75,-307,1834
-101,-303,1723
-121,-325,1563
-125,-305,1374
-119,-290,1179
-72,-285,913
-48,-246,877
-153,-210,744


-,-,-
-70,-90,1103
-181,-189,1004
-55,-106,870
-10,-182,778
19,-199,691
-30,-207,572
-102,-203,440
-122,-186,327
-116,-189,260
-112,-212,234
-163,-215,193
-162,-200,188
-160,-205,257
-48,-243,362
-135,-235,516
-45,-279,683
32,-321,837
97,-345,980
82,-348,1047
47,-232,1160
28,-150,1350
67,-151,1611
78,-183,1818
78,-168,2089
57,-173,2362
174,-203,2576
159,-206,2685
156,-240,2780
107,-214,2769
107,-202,2707
61,-183,2667
118,-187,2628
94,-237,2559
98,-245,2367
103,-247,2174
14,-285,1995
-71,-302,1859
-135,-286,1649
-157,-268,1439
-169,-248,1254
-183,-211,1118
-185,-148,975
-193,-106,636
-178,-64,534
-132,-29,465
-110,-13,390
-118,15,319
-140,56,292
-141,43,267
-136,46,218
-120,47,159
-104,35,1
-20,5,104
75,-29,94
122,-56,78
160,-86,58
143,-101,76
103,-98,104
76,-102,142
65,-100,196
31,-106,227
14,-121,261
16,-114,284
11,-105,284
25,-101,296
7,-132,299
-6,-138,322
-104,-253,2218
-127,-254,2023
-168,-254,1841
-202,-250,1706
-236,-226,1539
-252,-201,1377
-262,-188,1209
-256,-159,1049
-237,-134,919
-217,-102,742
-248,-43,579
-230,11,447
-172,71,349
-293,90,217
-377,125,120
-254,91,75


-,-,-
-11,99,1247
-148,-103,585
-97,-131,611
-157,-204,517
-113,-157,404
-41,-143,351
-47,-126,360
-32,-76,406
-17,-73,496
-62,-135,532
-26,-135,543
-102,-108,562
-126,-101,671
-49,-106,795
-27,-163,974
-11,-208,1109
-33,-175,1165
-59,-183,1216
-68,-190,1295
-74,-210,1410
-81,-192,1519
-105,-158,1654
-94,-120,1787
-71,-128,1926
-45,-65,2038
-15,7,2131
63,64,2235
-356,116,2314
181,16,2436
155,41,2440
139,70,2395
95,25,2252
80,7,2311
86,0,2229
51,-44,2101
78,-80,1966
-9,-127,1857
-55,-136,1687
-74,-128,1501
-98,-113,1324
-135,-91,1225
-152,-89,1125
-146,-89,1019
-125,-62,892
-125,-36,766
-148,-18,699
-170,-40,654
-185,-79,627
-184,-88,579
-153,-32,520
-85,7,424
-97,66,307
-90,90,218
-76,88,148
-18,113,106
-14,113,58
-38,62,57
26,11,81
89,-30,133
111,-65,204
108,-52,203
116,3,168
119,42,177
90,19,201
61,-37,256
62,-37,298
66,-59,288
87,-69,289
70,-107,295
16,-115,341
-10,-114,386
-36,-105,471
-32,-131,546
-8,-139,628
33,-163,671
-5,-177,662
-77,-169,702
-145,-151,860
-157,-179,1069
-142,-230,1273
-168,-252,1451
-160,-255,1577
-139,-247,1721
-138,-199,1837
-141,-155,2005
-126,-136,2162
-75,-147,2391
74,-137,2604
-191,-149,2735
114,-224,2842
97,-207,2815
64,-192,2744
36,-203,2643
-5,-202,2548
-12,-242,2468
-35,-300,2332
-61,-310,2168
-84,-325,1978
-110,-321,1789
-147,-302,1636
-180,-272,1442
-198,-239,1274
-194,-216,1156
-171,-222,1064
-162,-216,944
-160,-201,804
-180,-193,685
-210,-189,544
-230,-168,434
-260,-86,307
-235,-48,237
-175,-51,173
-209,-50,124


-,-,-
-91,49,858
44,-40,622
-2,47,454
-40,-63,483
-59,-104,474
-79,-118,427
-93,-119,393
-89,-116,397
-37,-144,436
40,-166,487
80,-145,486
65,-119,490
-7,-101,501
44,-134,532
-39,-137,620
5,-191,746
-156,-180,953
-127,-269,1070
-83,-275,1212
-48,-280,1311
-80,-248,1374
-137,-206,1420
-207,-179,1520
-246,-142,1663
-244,-139,1840
-183,-139,2020
-168,-99,2176
-13,-129,2302
7,-121,2409
12,-144,2488
-146,-195,2514
-125,-166,2472
-167,-151,2396
-153,-144,2334
-103,-142,2244
-75,-155,2151
-54,-154,1997
-72,-173,1850
-133,-204,1708
-212,-215,1600
-279,-192,1481
-280,-182,1384
-264,-196,1249
-230,-177,1083
-202,-167,973
-215,-134,858
-232,-121,763
-282,-97,696
-292,-49,672
-254,-81,637
-219,-67,547
-207,-24,478
-213,-35,447
-176,-37,424
-130,-32,332
-105,36,231
-73,23,151
-19,51,172
16,14,163
29,19,147
36,11,121
51,2,133
42,-16,165
35,-20,202
24,-72,220
21,-50,273
55,-60,293
73,-47,301
79,-36,311
75,-73,316
43,-84,314
-19,-86,306
-76,-82,318
-95,-65,379
-70,-90,483
-40,-177,526
-44,-201,561
-114,-202,617
-158,-197,784
-154,-230,1013
-164,-282,1163
-186,-281,1324
-215,-275,1452
-238,-259,1623
-227,-263,1770
-194,-259,1934
-183,-201,2089
-216,-160,2251
-107,-154,2424
-93,-148,2533
-86,-160,2629
-89,-146,2661
-121,-164,2648
-153,-168,2631
-162,-189,2562
-169,-203,2466
-158,-217,2349
-122,-232,2152
-114,-230,1996
-141,-219,1831
-156,-230,1676
-177,-246,1495
-209,-227,1340
-223,-184,1169
-232,-190,1016
-228,-176,829
-255,-143,720
-267,-166,644
-250,-163,538
-264,-118,391
-236,-89,263
-248,-78,190
-224,-48,157
-166,-9,122


-,-,-
-50,40,1036
-54,-148,784
20,-17,647
-70,-72,610
-78,-109,561
-89,-93,501
-102,-138,422
86,-147,303
129,-105,185
-143,-50,167
-154,-71,206
-111,-124,319
-56,-183,466
-1,-206,610
31,-246,656
79,-238,705
41,-275,795
-22,-262,933
-79,-259,1037
-72,-232,1118
56,-212,1278
116,-239,1436
150,-241,1612
149,-216,1798
146,-223,1895
84,-212,2001
121,-223,2088
49,-197,2166
68,-171,2236
137,-176,2356
165,-188,2454
190,-184,2476
228,-185,2428
271,-156,2343
200,-125,2237
128,-127,2109
56,-136,1986
23,-144,1895
0,-182,1756
-20,-183,1613
-71,-167,1497
-102,-176,1400
-99,-212,1309
-115,-203,1192
-135,-182,1051
-145,-159,933
-167,-130,853
-201,-106,748
-231,-71,657
-236,-51,605
-205,-59,563
-169,-39,553
-152,-55,517
-137,-38,462
-136,-20,390
-124,-14,357
-96,-2,304
-59,-17,258
-16,-38,227
18,-42,211
57,-46,218
72,-51,234
69,-50,254
57,-55,258
73,-45,267
81,-48,272
84,-41,286
80,-35,302
48,-53,318
23,-54,359
10,-82,415
0,-94,477
6,-86,541
40,-80,587
100,-78,632
107,-78,684
86,-95,745
51,-103,849
-6,-115,937
-26,-108,1050
-10,-139,1191
-18,-179,1288
-60,-145,1366
-58,-104,1511
-68,-117,1673
-82,-102,1794
-119,-56,1887
-90,-9,2058
-62,-82,2235
-34,-99,2382
-19,-116,2474
-36,-135,2486
-81,-131,2438
-86,-106,2368
-118,-119,2270
-143,-137,2180
-140,-171,2094
-155,-208,1971
-178,-189,1843
-192,-178,1730
-206,-195,1626
-215,-183,1476
-222,-156,1314
-225,-135,1154
-231,-107,1041
-222,-70,915
-256,0,759
-211,38,646
-160,54,504
-124,122,400
-102,162,314
-87,78,296
-86,-22,320
-63,-125,492
-40,-274,427
